T F 1    1    1    0    1    1    1    1    1    1    1    0    0   0.000   0.00
    2    1    1    0    0    0   5.00000   0.00000   0.00000   0.00000   0.00000
 -99.000 -99.000 -99.000
 -99.00000 -99.00000 -99.00000  4.114728  0.000594 ! H2O & O3 COLUMNS [GM/CM2]
   36TROPICAL MODEL      
   0.00000  10.00000  30.00000   5.00000   0.00000   0.00000    0        0.00000
  -99  -99  -99  -99
 -99.00000 -99.00000 -99.00000 -99.00000 -99.00000 -99.00000 -99.00000 -99.00000
    2000.0    3333.0      10.0      20.0NW              
    0   0    0.000  0    0.000  0    1.000
    FREQ  TOT_TRANS  PTH_THRML  THRML_SCT  SURF_EMIS   SOL_SCAT  SING_SCAT  GRND_RFLT  DRCT_RFLT  TOTAL_RAD  REF_SOL  SOL@OBS   DEPTH DIR_EM    TOA_SUN BBODY_T[K]
 2000.00 0.00483572 6.4151E-07 0.0000E+00 0.0000E+00                       0.0000E+00            6.4151E-07                     5.332 1.0000               299.556
 2010.00 0.00550969 6.2018E-07 0.0000E+00 0.0000E+00                       0.0000E+00            6.2018E-07                     5.201 1.0000               299.533
 2020.00 0.01447270 5.9481E-07 0.0000E+00 0.0000E+00                       0.0000E+00            5.9481E-07                     4.235 1.0000               299.267
 2030.00 0.02809112 5.6734E-07 0.0000E+00 0.0000E+00                       0.0000E+00            5.6734E-07                     3.572 1.0000               298.838
 2040.00 0.03791719 5.4327E-07 0.0000E+00 0.0000E+00                       0.0000E+00            5.4327E-07                     3.272 1.0000               298.535
 2050.00 0.05018111 5.1877E-07 0.0000E+00 0.0000E+00                       0.0000E+00            5.1877E-07                     2.992 1.0000               298.155
 2060.00 0.05161056 5.0069E-07 0.0000E+00 0.0000E+00                       0.0000E+00            5.0069E-07                     2.964 1.0000               298.100
 2070.00 0.05311870 4.8368E-07 0.0000E+00 0.0000E+00                       0.0000E+00            4.8368E-07                     2.935 1.0000               298.076
 2080.00 0.06158552 4.6355E-07 0.0000E+00 0.0000E+00                       0.0000E+00            4.6355E-07                     2.787 1.0000               297.818
 2090.00 0.08163448 4.3890E-07 0.0000E+00 0.0000E+00                       0.0000E+00            4.3890E-07                     2.506 1.0000               297.208
 2100.00 0.12991631 4.0227E-07 0.0000E+00 0.0000E+00                       0.0000E+00            4.0227E-07                     2.041 1.0000               295.665
 2110.00 0.16444327 3.7305E-07 0.0000E+00 0.0000E+00                       0.0000E+00            3.7305E-07                     1.805 1.0000               294.489
 2120.00 0.18191269 3.5323E-07 0.0000E+00 0.0000E+00                       0.0000E+00            3.5323E-07                     1.704 1.0000               293.924
 2130.00 0.19309993 3.3659E-07 0.0000E+00 0.0000E+00                       0.0000E+00            3.3659E-07                     1.645 1.0000               293.546
 2140.00 0.17984493 3.3056E-07 0.0000E+00 0.0000E+00                       0.0000E+00            3.3056E-07                     1.716 1.0000               294.019
 2150.00 0.18358608 3.1843E-07 0.0000E+00 0.0000E+00                       0.0000E+00            3.1843E-07                     1.695 1.0000               293.951
 2160.00 0.21434812 2.9618E-07 0.0000E+00 0.0000E+00                       0.0000E+00            2.9618E-07                     1.540 1.0000               292.915
 2170.00 0.22583356 2.8173E-07 0.0000E+00 0.0000E+00                       0.0000E+00            2.8173E-07                     1.488 1.0000               292.509
 2180.00 0.18722282 2.8538E-07 0.0000E+00 0.0000E+00                       0.0000E+00            2.8538E-07                     1.675 1.0000               293.832
 2190.00 0.12364239 2.9745E-07 0.0000E+00 0.0000E+00                       0.0000E+00            2.9745E-07                     2.090 1.0000               295.948
 2200.00 0.07487259 3.0357E-07 0.0000E+00 0.0000E+00                       0.0000E+00            3.0357E-07                     2.592 1.0000               297.487
 2210.00 0.05006306 3.0137E-07 0.0000E+00 0.0000E+00                       0.0000E+00            3.0137E-07                     2.994 1.0000               298.253
 2220.00 0.04179056 2.9374E-07 0.0000E+00 0.0000E+00                       0.0000E+00            2.9374E-07                     3.175 1.0000               298.506
 2230.00 0.02626664 2.8824E-07 0.0000E+00 0.0000E+00                       0.0000E+00            2.8824E-07                     3.639 1.0000               298.946
 2240.00 0.00760266 2.8386E-07 0.0000E+00 0.0000E+00                       0.0000E+00            2.8386E-07                     4.879 1.0000               299.484
 2250.00 0.00090595 2.7612E-07 0.0000E+00 0.0000E+00                       0.0000E+00            2.7612E-07                     7.007 1.0000               299.679
 2260.00 0.00013407 2.6691E-07 0.0000E+00 0.0000E+00                       0.0000E+00            2.6691E-07                     8.917 1.0000               299.701
 2270.00 0.00000591 2.5783E-07 0.0000E+00 0.0000E+00                       0.0000E+00            2.5783E-07                    12.038 1.0000               299.705
 2280.00 0.00000017 2.4901E-07 0.0000E+00 0.0000E+00                       0.0000E+00            2.4901E-07                    15.602 1.0000               299.705
 2290.00 0.00000005 2.4047E-07 0.0000E+00 0.0000E+00                       0.0000E+00            2.4047E-07                    16.892 1.0000               299.705
 2300.00 0.00000001 2.3222E-07 0.0000E+00 0.0000E+00                       0.0000E+00            2.3222E-07                    18.400 1.0000               299.705
 2310.00 0.00000000 2.2423E-07 0.0000E+00 0.0000E+00                       0.0000E+00            2.2423E-07                    42.983 1.0000               299.705
 2320.00 0.00000000 2.1651E-07 0.0000E+00 0.0000E+00                       0.0000E+00            2.1651E-07                    99.990 1.0000               299.705
 2330.00 0.00000000 2.0904E-07 0.0000E+00 0.0000E+00                       0.0000E+00            2.0904E-07                    99.990 1.0000               299.705
 2340.00 0.00000000 2.0182E-07 0.0000E+00 0.0000E+00                       0.0000E+00            2.0182E-07                    99.990 1.0000               299.705
 2350.00 0.00000000 1.9483E-07 0.0000E+00 0.0000E+00                       0.0000E+00            1.9483E-07                    99.990 1.0000               299.705
 2360.00 0.00000000 1.8808E-07 0.0000E+00 0.0000E+00                       0.0000E+00            1.8808E-07                    99.990 1.0000               299.705
 2370.00 0.00000892 1.8155E-07 0.0000E+00 0.0000E+00                       0.0000E+00            1.8155E-07                    11.627 1.0000               299.705
 2380.00 0.01588280 1.7260E-07 0.0000E+00 0.0000E+00                       0.0000E+00            1.7260E-07                     4.143 1.0000               299.308
 2390.00 0.09735154 1.5319E-07 0.0000E+00 0.0000E+00                       0.0000E+00            1.5319E-07                     2.329 1.0000               297.140
 2400.00 0.23295023 1.2575E-07 0.0000E+00 0.0000E+00                       0.0000E+00            1.2575E-07                     1.457 1.0000               293.067
 2410.00 0.33388355 1.0519E-07 0.0000E+00 0.0000E+00                       0.0000E+00            1.0519E-07                     1.097 1.0000               289.592
 2420.00 0.38176644 9.4122E-08 0.0000E+00 0.0000E+00                       0.0000E+00            9.4122E-08                     0.963 1.0000               287.823
 2430.00 0.40931126 8.6741E-08 0.0000E+00 0.0000E+00                       0.0000E+00            8.6741E-08                     0.893 1.0000               286.784
 2440.00 0.43007177 8.0757E-08 0.0000E+00 0.0000E+00                       0.0000E+00            8.0757E-08                     0.844 1.0000               285.998
 2450.00 0.45352563 7.4737E-08 0.0000E+00 0.0000E+00                       0.0000E+00            7.4737E-08                     0.791 1.0000               285.086
 2460.00 0.47794837 6.8879E-08 0.0000E+00 0.0000E+00                       0.0000E+00            6.8879E-08                     0.738 1.0000               284.093
 2470.00 0.49763343 6.3936E-08 0.0000E+00 0.0000E+00                       0.0000E+00            6.3936E-08                     0.698 1.0000               283.278
 2480.00 0.51675582 5.9346E-08 0.0000E+00 0.0000E+00                       0.0000E+00            5.9346E-08                     0.660 1.0000               282.474
 2490.00 0.53700423 5.4852E-08 0.0000E+00 0.0000E+00                       0.0000E+00            5.4852E-08                     0.622 1.0000               281.589
 2500.00 0.55386209 5.0974E-08 0.0000E+00 0.0000E+00                       0.0000E+00            5.0974E-08                     0.591 1.0000               280.836
 2510.00 0.56480497 4.7948E-08 0.0000E+00 0.0000E+00                       0.0000E+00            4.7948E-08                     0.571 1.0000               280.357
 2520.00 0.56696951 4.5992E-08 0.0000E+00 0.0000E+00                       0.0000E+00            4.5992E-08                     0.567 1.0000               280.309
 2530.00 0.55957860 4.5092E-08 0.0000E+00 0.0000E+00                       0.0000E+00            4.5092E-08                     0.581 1.0000               280.734
 2540.00 0.54289228 4.5122E-08 0.0000E+00 0.0000E+00                       0.0000E+00            4.5122E-08                     0.611 1.0000               281.601
 2550.00 0.52844423 4.4922E-08 0.0000E+00 0.0000E+00                       0.0000E+00            4.4922E-08                     0.638 1.0000               282.357
 2560.00 0.52123433 4.3980E-08 0.0000E+00 0.0000E+00                       0.0000E+00            4.3980E-08                     0.652 1.0000               282.747
 2570.00 0.50269490 4.4022E-08 0.0000E+00 0.0000E+00                       0.0000E+00            4.4022E-08                     0.688 1.0000               283.618
 2580.00 0.47909635 4.4492E-08 0.0000E+00 0.0000E+00                       0.0000E+00            4.4492E-08                     0.736 1.0000               284.699
 2590.00 0.47562420 4.3220E-08 0.0000E+00 0.0000E+00                       0.0000E+00            4.3220E-08                     0.743 1.0000               284.915
 2600.00 0.48390630 4.1019E-08 0.0000E+00 0.0000E+00                       0.0000E+00            4.1019E-08                     0.726 1.0000               284.626
 2610.00 0.47348818 4.0304E-08 0.0000E+00 0.0000E+00                       0.0000E+00            4.0304E-08                     0.748 1.0000               285.090
 2620.00 0.45887479 3.9947E-08 0.0000E+00 0.0000E+00                       0.0000E+00            3.9947E-08                     0.779 1.0000               285.740
 2630.00 0.45083600 3.9086E-08 0.0000E+00 0.0000E+00                       0.0000E+00            3.9086E-08                     0.797 1.0000               286.110
 2640.00 0.43343988 3.8874E-08 0.0000E+00 0.0000E+00                       0.0000E+00            3.8874E-08                     0.836 1.0000               286.833
 2650.00 0.41950417 3.8403E-08 0.0000E+00 0.0000E+00                       0.0000E+00            3.8403E-08                     0.869 1.0000               287.409
 2660.00 0.42173931 3.6898E-08 0.0000E+00 0.0000E+00                       0.0000E+00            3.6898E-08                     0.863 1.0000               287.383
 2670.00 0.43703994 3.4648E-08 0.0000E+00 0.0000E+00                       0.0000E+00            3.4648E-08                     0.828 1.0000               286.866
 2680.00 0.44930884 3.2660E-08 0.0000E+00 0.0000E+00                       0.0000E+00            3.2660E-08                     0.800 1.0000               286.436
 2690.00 0.46727052 3.0465E-08 0.0000E+00 0.0000E+00                       0.0000E+00            3.0465E-08                     0.761 1.0000               285.791
 2700.00 0.46200192 2.9565E-08 0.0000E+00 0.0000E+00                       0.0000E+00            2.9565E-08                     0.772 1.0000               285.985
 2710.00 0.36591098 3.3471E-08 0.0000E+00 0.0000E+00                       0.0000E+00            3.3471E-08                     1.005 1.0000               289.451
 2720.00 0.29697666 3.5959E-08 0.0000E+00 0.0000E+00                       0.0000E+00            3.5959E-08                     1.214 1.0000               291.834
 2730.00 0.37698266 3.0874E-08 0.0000E+00 0.0000E+00                       0.0000E+00            3.0874E-08                     0.976 1.0000               289.379
 2740.00 0.46537435 2.5433E-08 0.0000E+00 0.0000E+00                       0.0000E+00            2.5433E-08                     0.765 1.0000               286.121
 2750.00 0.47388130 2.4052E-08 0.0000E+00 0.0000E+00                       0.0000E+00            2.4052E-08                     0.747 1.0000               285.780
 2760.00 0.44877198 2.4270E-08 0.0000E+00 0.0000E+00                       0.0000E+00            2.4270E-08                     0.801 1.0000               286.781
 2770.00 0.40985596 2.5037E-08 0.0000E+00 0.0000E+00                       0.0000E+00            2.5037E-08                     0.892 1.0000               288.242
 2780.00 0.37670246 2.5484E-08 0.0000E+00 0.0000E+00                       0.0000E+00            2.5484E-08                     0.976 1.0000               289.427
 2790.00 0.35614899 2.5382E-08 0.0000E+00 0.0000E+00                       0.0000E+00            2.5382E-08                     1.032 1.0000               290.158
 2800.00 0.35364091 2.4567E-08 0.0000E+00 0.0000E+00                       0.0000E+00            2.4567E-08                     1.039 1.0000               290.288
 2810.00 0.35182455 2.3706E-08 0.0000E+00 0.0000E+00                       0.0000E+00            2.3706E-08                     1.045 1.0000               290.354
 2820.00 0.34250712 2.3179E-08 0.0000E+00 0.0000E+00                       0.0000E+00            2.3179E-08                     1.071 1.0000               290.696
 2830.00 0.35784248 2.1844E-08 0.0000E+00 0.0000E+00                       0.0000E+00            2.1844E-08                     1.028 1.0000               290.272
 2840.00 0.39287406 1.9893E-08 0.0000E+00 0.0000E+00                       0.0000E+00            1.9893E-08                     0.934 1.0000               289.151
 2850.00 0.42057419 1.8278E-08 0.0000E+00 0.0000E+00                       0.0000E+00            1.8278E-08                     0.866 1.0000               288.227
 2860.00 0.43137133 1.7262E-08 0.0000E+00 0.0000E+00                       0.0000E+00            1.7262E-08                     0.841 1.0000               287.869
 2870.00 0.42543301 1.6794E-08 0.0000E+00 0.0000E+00                       0.0000E+00            1.6794E-08                     0.855 1.0000               288.110
 2880.00 0.40650240 1.6698E-08 0.0000E+00 0.0000E+00                       0.0000E+00            1.6698E-08                     0.900 1.0000               288.788
 2890.00 0.37939173 1.6806E-08 0.0000E+00 0.0000E+00                       0.0000E+00            1.6806E-08                     0.969 1.0000               289.711
 2900.00 0.35395712 1.6859E-08 0.0000E+00 0.0000E+00                       0.0000E+00            1.6859E-08                     1.039 1.0000               290.567
 2910.00 0.34397230 1.6505E-08 0.0000E+00 0.0000E+00                       0.0000E+00            1.6505E-08                     1.067 1.0000               290.930
 2920.00 0.30859506 1.6706E-08 0.0000E+00 0.0000E+00                       0.0000E+00            1.6706E-08                     1.176 1.0000               291.967
 2930.00 0.23241225 1.7854E-08 0.0000E+00 0.0000E+00                       0.0000E+00            1.7854E-08                     1.459 1.0000               294.116
 2940.00 0.19905825 1.7993E-08 0.0000E+00 0.0000E+00                       0.0000E+00            1.7993E-08                     1.614 1.0000               295.068
 2950.00 0.17899801 1.7730E-08 0.0000E+00 0.0000E+00                       0.0000E+00            1.7730E-08                     1.720 1.0000               295.559
 2960.00 0.11213323 1.8448E-08 0.0000E+00 0.0000E+00                       0.0000E+00            1.8448E-08                     2.188 1.0000               297.172
 2970.00 0.05392621 1.8950E-08 0.0000E+00 0.0000E+00                       0.0000E+00            1.8950E-08                     2.920 1.0000               298.525
 2980.00 0.02937213 1.8730E-08 0.0000E+00 0.0000E+00                       0.0000E+00            1.8730E-08                     3.528 1.0000               299.075
 2990.00 0.03068856 1.8019E-08 0.0000E+00 0.0000E+00                       0.0000E+00            1.8019E-08                     3.484 1.0000               299.062
 3000.00 0.03393525 1.7280E-08 0.0000E+00 0.0000E+00                       0.0000E+00            1.7280E-08                     3.383 1.0000               298.983
 3010.00 0.01758882 1.6912E-08 0.0000E+00 0.0000E+00                       0.0000E+00            1.6912E-08                     4.040 1.0000               299.326
 3020.00 0.00483749 1.6499E-08 0.0000E+00 0.0000E+00                       0.0000E+00            1.6499E-08                     5.331 1.0000               299.603
 3030.00 0.01162383 1.5781E-08 0.0000E+00 0.0000E+00                       0.0000E+00            1.5781E-08                     4.455 1.0000               299.472
 3040.00 0.02270146 1.5018E-08 0.0000E+00 0.0000E+00                       0.0000E+00            1.5018E-08                     3.785 1.0000               299.238
 3050.00 0.01690782 1.4533E-08 0.0000E+00 0.0000E+00                       0.0000E+00            1.4533E-08                     4.080 1.0000               299.348
 3060.00 0.00753430 1.4127E-08 0.0000E+00 0.0000E+00                       0.0000E+00            1.4127E-08                     4.888 1.0000               299.549
 3070.00 0.00827104 1.3589E-08 0.0000E+00 0.0000E+00                       0.0000E+00            1.3589E-08                     4.795 1.0000               299.538
 3080.00 0.00755588 1.3086E-08 0.0000E+00 0.0000E+00                       0.0000E+00            1.3086E-08                     4.885 1.0000               299.549
 3090.00 0.00441254 1.2634E-08 0.0000E+00 0.0000E+00                       0.0000E+00            1.2634E-08                     5.423 1.0000               299.614
 3100.00 0.00163483 1.2194E-08 0.0000E+00 0.0000E+00                       0.0000E+00            1.2194E-08                     6.416 1.0000               299.671
 3110.00 0.00009452 1.1754E-08 0.0000E+00 0.0000E+00                       0.0000E+00            1.1754E-08                     9.267 1.0000               299.703
 3120.00 0.00067327 1.1305E-08 0.0000E+00 0.0000E+00                       0.0000E+00            1.1305E-08                     7.303 1.0000               299.692
 3130.00 0.00809816 1.0802E-08 0.0000E+00 0.0000E+00                       0.0000E+00            1.0802E-08                     4.816 1.0000               299.550
 3140.00 0.02828928 1.0187E-08 0.0000E+00 0.0000E+00                       0.0000E+00            1.0187E-08                     3.565 1.0000               299.150
 3150.00 0.05736445 9.5090E-09 0.0000E+00 0.0000E+00                       0.0000E+00            9.5090E-09                     2.858 1.0000               298.553
 3160.00 0.06278621 9.0856E-09 0.0000E+00 0.0000E+00                       0.0000E+00            9.0856E-09                     2.768 1.0000               298.418
 3170.00 0.03118418 9.0328E-09 0.0000E+00 0.0000E+00                       0.0000E+00            9.0328E-09                     3.468 1.0000               299.062
 3180.00 0.00942902 8.8947E-09 0.0000E+00 0.0000E+00                       0.0000E+00            8.8947E-09                     4.664 1.0000               299.518
 3190.00 0.00942946 8.5588E-09 0.0000E+00 0.0000E+00                       0.0000E+00            8.5588E-09                     4.664 1.0000               299.520
 3200.00 0.00725844 8.2516E-09 0.0000E+00 0.0000E+00                       0.0000E+00            8.2516E-09                     4.926 1.0000               299.561
 3210.00 0.00334424 7.9703E-09 0.0000E+00 0.0000E+00                       0.0000E+00            7.9703E-09                     5.701 1.0000               299.638
 3220.00 0.00113998 7.6851E-09 0.0000E+00 0.0000E+00                       0.0000E+00            7.6851E-09                     6.777 1.0000               299.682
 3230.00 0.00024141 7.4003E-09 0.0000E+00 0.0000E+00                       0.0000E+00            7.4003E-09                     8.329 1.0000               299.700
 3240.00 0.00057806 7.1169E-09 0.0000E+00 0.0000E+00                       0.0000E+00            7.1169E-09                     7.456 1.0000               299.694
 3250.00 0.00106608 6.8429E-09 0.0000E+00 0.0000E+00                       0.0000E+00            6.8429E-09                     6.844 1.0000               299.684
 3260.00 0.00108492 6.5824E-09 0.0000E+00 0.0000E+00                       0.0000E+00            6.5824E-09                     6.826 1.0000               299.684
 3270.00 0.00091080 6.3328E-09 0.0000E+00 0.0000E+00                       0.0000E+00            6.3328E-09                     7.001 1.0000               299.687
 3280.00 0.00049301 6.0940E-09 0.0000E+00 0.0000E+00                       0.0000E+00            6.0940E-09                     7.615 1.0000               299.695
 3290.00 0.00076531 5.8603E-09 0.0000E+00 0.0000E+00                       0.0000E+00            5.8603E-09                     7.175 1.0000               299.691
 3300.00 0.00176892 5.6311E-09 0.0000E+00 0.0000E+00                       0.0000E+00            5.6311E-09                     6.337 1.0000               299.672
 3310.00 0.00270119 5.4110E-09 0.0000E+00 0.0000E+00                       0.0000E+00            5.4110E-09                     5.914 1.0000               299.654
 3320.00 0.00340413 5.2005E-09 0.0000E+00 0.0000E+00                       0.0000E+00            5.2005E-09                     5.683 1.0000               299.641
 3330.00 0.00367253 5.0004E-09 0.0000E+00 0.0000E+00                       0.0000E+00            5.0004E-09                     5.607 1.0000               299.636
 -9999.
