T F 2    1    1    0    2    2    2    2    2    2    1    0    0   0.000   0.00
    1    1    1    0    0    0  23.00000   0.00000   0.00000   0.00000   0.00000
 -99.000 -99.000 -99.000
 -99.00000 -99.00000 -99.00000  2.922360  0.000710 ! H2O & O3 COLUMNS [GM/CM2]
   36MID-LATITUDE SUMMER 
   0.00000  10.00000  30.00000   5.00000   0.00000   0.00000    0        0.00000
  -99  -99  -99  -99
 -99.00000 -99.00000 -99.00000 -99.00000 -99.00000 -99.00000 -99.00000 -99.00000
    2000.0    3333.0      10.0      20.0NW              
    0   0    0.000  0    0.000  0    1.000
    FREQ  TOT_TRANS  PTH_THRML  THRML_SCT  SURF_EMIS   SOL_SCAT  SING_SCAT  GRND_RFLT  DRCT_RFLT  TOTAL_RAD  REF_SOL  SOL@OBS   DEPTH DIR_EM    TOA_SUN BBODY_T[K]
 2000.00 0.02221860 5.2687E-07 0.0000E+00 0.0000E+00                       0.0000E+00            5.2687E-07                     3.807 1.0000               293.540
 2010.00 0.02540361 5.0741E-07 0.0000E+00 0.0000E+00                       0.0000E+00            5.0741E-07                     3.673 1.0000               293.434
 2020.00 0.04584464 4.8069E-07 0.0000E+00 0.0000E+00                       0.0000E+00            4.8069E-07                     3.082 1.0000               292.844
 2030.00 0.08032780 4.4762E-07 0.0000E+00 0.0000E+00                       0.0000E+00            4.4762E-07                     2.522 1.0000               291.763
 2040.00 0.09988449 4.2332E-07 0.0000E+00 0.0000E+00                       0.0000E+00            4.2332E-07                     2.304 1.0000               291.148
 2050.00 0.12017709 3.9990E-07 0.0000E+00 0.0000E+00                       0.0000E+00            3.9990E-07                     2.119 1.0000               290.512
 2060.00 0.12032507 3.8587E-07 0.0000E+00 0.0000E+00                       0.0000E+00            3.8587E-07                     2.118 1.0000               290.490
 2070.00 0.12198655 3.7258E-07 0.0000E+00 0.0000E+00                       0.0000E+00            3.7258E-07                     2.104 1.0000               290.489
 2080.00 0.13972302 3.5273E-07 0.0000E+00 0.0000E+00                       0.0000E+00            3.5273E-07                     1.968 1.0000               289.934
 2090.00 0.17511417 3.2707E-07 0.0000E+00 0.0000E+00                       0.0000E+00            3.2707E-07                     1.742 1.0000               288.812
 2100.00 0.25447303 2.8583E-07 0.0000E+00 0.0000E+00                       0.0000E+00            2.8583E-07                     1.369 1.0000               286.098
 2110.00 0.30778694 2.5576E-07 0.0000E+00 0.0000E+00                       0.0000E+00            2.5576E-07                     1.178 1.0000               284.086
 2120.00 0.32945764 2.3945E-07 0.0000E+00 0.0000E+00                       0.0000E+00            2.3945E-07                     1.110 1.0000               283.309
 2130.00 0.34231699 2.2660E-07 0.0000E+00 0.0000E+00                       0.0000E+00            2.2660E-07                     1.072 1.0000               282.826
 2140.00 0.32372048 2.2490E-07 0.0000E+00 0.0000E+00                       0.0000E+00            2.2490E-07                     1.128 1.0000               283.590
 2150.00 0.33080503 2.1534E-07 0.0000E+00 0.0000E+00                       0.0000E+00            2.1534E-07                     1.106 1.0000               283.416
 2160.00 0.36732966 1.9651E-07 0.0000E+00 0.0000E+00                       0.0000E+00            1.9651E-07                     1.001 1.0000               282.010
 2170.00 0.36858484 1.8897E-07 0.0000E+00 0.0000E+00                       0.0000E+00            1.8897E-07                     0.998 1.0000               281.959
 2180.00 0.30003443 2.0175E-07 0.0000E+00 0.0000E+00                       0.0000E+00            2.0175E-07                     1.204 1.0000               284.587
 2190.00 0.19715504 2.2359E-07 0.0000E+00 0.0000E+00                       0.0000E+00            2.2359E-07                     1.624 1.0000               288.221
 2200.00 0.11754452 2.3752E-07 0.0000E+00 0.0000E+00                       0.0000E+00            2.3752E-07                     2.141 1.0000               290.781
 2210.00 0.07817991 2.3980E-07 0.0000E+00 0.0000E+00                       0.0000E+00            2.3980E-07                     2.549 1.0000               291.994
 2220.00 0.06526253 2.3476E-07 0.0000E+00 0.0000E+00                       0.0000E+00            2.3476E-07                     2.729 1.0000               292.382
 2230.00 0.04085874 2.3234E-07 0.0000E+00 0.0000E+00                       0.0000E+00            2.3234E-07                     3.198 1.0000               293.059
 2240.00 0.01193427 2.3111E-07 0.0000E+00 0.0000E+00                       0.0000E+00            2.3111E-07                     4.428 1.0000               293.870
 2250.00 0.00144153 2.2551E-07 0.0000E+00 0.0000E+00                       0.0000E+00            2.2551E-07                     6.542 1.0000               294.165
 2260.00 0.00021616 2.1790E-07 0.0000E+00 0.0000E+00                       0.0000E+00            2.1790E-07                     8.439 1.0000               294.199
 2270.00 0.00000935 2.1031E-07 0.0000E+00 0.0000E+00                       0.0000E+00            2.1031E-07                    11.580 1.0000               294.205
 2280.00 0.00000026 2.0293E-07 0.0000E+00 0.0000E+00                       0.0000E+00            2.0293E-07                    15.150 1.0000               294.205
 2290.00 0.00000011 1.9580E-07 0.0000E+00 0.0000E+00                       0.0000E+00            1.9580E-07                    16.063 1.0000               294.205
 2300.00 0.00000002 1.8891E-07 0.0000E+00 0.0000E+00                       0.0000E+00            1.8891E-07                    17.544 1.0000               294.205
 2310.00 0.00000000 1.8225E-07 0.0000E+00 0.0000E+00                       0.0000E+00            1.8225E-07                    41.948 1.0000               294.205
 2320.00 0.00000000 1.7581E-07 0.0000E+00 0.0000E+00                       0.0000E+00            1.7581E-07                    99.990 1.0000               294.205
 2330.00 0.00000000 1.6960E-07 0.0000E+00 0.0000E+00                       0.0000E+00            1.6960E-07                    99.990 1.0000               294.205
 2340.00 0.00000000 1.6359E-07 0.0000E+00 0.0000E+00                       0.0000E+00            1.6359E-07                    99.990 1.0000               294.205
 2350.00 0.00000000 1.5779E-07 0.0000E+00 0.0000E+00                       0.0000E+00            1.5779E-07                    99.990 1.0000               294.205
 2360.00 0.00000000 1.5218E-07 0.0000E+00 0.0000E+00                       0.0000E+00            1.5218E-07                    99.990 1.0000               294.205
 2370.00 0.00001547 1.4677E-07 0.0000E+00 0.0000E+00                       0.0000E+00            1.4677E-07                    11.076 1.0000               294.205
 2380.00 0.02222598 1.3856E-07 0.0000E+00 0.0000E+00                       0.0000E+00            1.3856E-07                     3.806 1.0000               293.668
 2390.00 0.13411364 1.1877E-07 0.0000E+00 0.0000E+00                       0.0000E+00            1.1877E-07                     2.009 1.0000               290.745
 2400.00 0.31947175 9.0168E-08 0.0000E+00 0.0000E+00                       0.0000E+00            9.0168E-08                     1.141 1.0000               285.020
 2410.00 0.45844343 6.9004E-08 0.0000E+00 0.0000E+00                       0.0000E+00            6.9004E-08                     0.780 1.0000               279.743
 2420.00 0.52606082 5.8139E-08 0.0000E+00 0.0000E+00                       0.0000E+00            5.8139E-08                     0.642 1.0000               276.800
 2430.00 0.56574088 5.1321E-08 0.0000E+00 0.0000E+00                       0.0000E+00            5.1321E-08                     0.570 1.0000               274.947
 2440.00 0.59532416 4.6105E-08 0.0000E+00 0.0000E+00                       0.0000E+00            4.6105E-08                     0.519 1.0000               273.508
 2450.00 0.62824214 4.0859E-08 0.0000E+00 0.0000E+00                       0.0000E+00            4.0859E-08                     0.465 1.0000               271.811
 2460.00 0.66312337 3.5690E-08 0.0000E+00 0.0000E+00                       0.0000E+00            3.5690E-08                     0.411 1.0000               269.851
 2470.00 0.69196117 3.1448E-08 0.0000E+00 0.0000E+00                       0.0000E+00            3.1448E-08                     0.368 1.0000               268.113
 2480.00 0.72011214 2.7559E-08 0.0000E+00 0.0000E+00                       0.0000E+00            2.7559E-08                     0.328 1.0000               266.303
 2490.00 0.75019729 2.3712E-08 0.0000E+00 0.0000E+00                       0.0000E+00            2.3712E-08                     0.287 1.0000               264.174
 2500.00 0.77579373 2.0503E-08 0.0000E+00 0.0000E+00                       0.0000E+00            2.0503E-08                     0.254 1.0000               262.191
 2510.00 0.79321194 1.8208E-08 0.0000E+00 0.0000E+00                       0.0000E+00            1.8208E-08                     0.232 1.0000               260.756
 2520.00 0.79890174 1.7037E-08 0.0000E+00 0.0000E+00                       0.0000E+00            1.7037E-08                     0.225 1.0000               260.320
 2530.00 0.79094964 1.7036E-08 0.0000E+00 0.0000E+00                       0.0000E+00            1.7036E-08                     0.235 1.0000               261.130
 2540.00 0.77035099 1.8019E-08 0.0000E+00 0.0000E+00                       0.0000E+00            1.8019E-08                     0.261 1.0000               262.998
 2550.00 0.75381529 1.8649E-08 0.0000E+00 0.0000E+00                       0.0000E+00            1.8649E-08                     0.283 1.0000               264.463
 2560.00 0.74694890 1.8465E-08 0.0000E+00 0.0000E+00                       0.0000E+00            1.8465E-08                     0.292 1.0000               265.086
 2570.00 0.72439241 1.9339E-08 0.0000E+00 0.0000E+00                       0.0000E+00            1.9339E-08                     0.322 1.0000               266.785
 2580.00 0.69725889 2.0506E-08 0.0000E+00 0.0000E+00                       0.0000E+00            2.0506E-08                     0.361 1.0000               268.733
 2590.00 0.69839132 1.9717E-08 0.0000E+00 0.0000E+00                       0.0000E+00            1.9717E-08                     0.359 1.0000               268.785
 2600.00 0.71182472 1.8144E-08 0.0000E+00 0.0000E+00                       0.0000E+00            1.8144E-08                     0.340 1.0000               267.993
 2610.00 0.69914198 1.8203E-08 0.0000E+00 0.0000E+00                       0.0000E+00            1.8203E-08                     0.358 1.0000               268.864
 2620.00 0.68117571 1.8592E-08 0.0000E+00 0.0000E+00                       0.0000E+00            1.8592E-08                     0.384 1.0000               270.082
 2630.00 0.67204094 1.8425E-08 0.0000E+00 0.0000E+00                       0.0000E+00            1.8425E-08                     0.397 1.0000               270.715
 2640.00 0.65154344 1.8856E-08 0.0000E+00 0.0000E+00                       0.0000E+00            1.8856E-08                     0.428 1.0000               271.974
 2650.00 0.63514137 1.9022E-08 0.0000E+00 0.0000E+00                       0.0000E+00            1.9022E-08                     0.454 1.0000               272.953
 2660.00 0.63846004 1.8174E-08 0.0000E+00 0.0000E+00                       0.0000E+00            1.8174E-08                     0.449 1.0000               272.872
 2670.00 0.65738958 1.6610E-08 0.0000E+00 0.0000E+00                       0.0000E+00            1.6610E-08                     0.419 1.0000               271.934
 2680.00 0.67292064 1.5263E-08 0.0000E+00 0.0000E+00                       0.0000E+00            1.5263E-08                     0.396 1.0000               271.115
 2690.00 0.69715738 1.3625E-08 0.0000E+00 0.0000E+00                       0.0000E+00            1.3625E-08                     0.361 1.0000               269.760
 2700.00 0.69511372 1.3124E-08 0.0000E+00 0.0000E+00                       0.0000E+00            1.3124E-08                     0.364 1.0000               269.849
 2710.00 0.57197648 1.7621E-08 0.0000E+00 0.0000E+00                       0.0000E+00            1.7621E-08                     0.559 1.0000               276.292
 2720.00 0.47681731 2.0961E-08 0.0000E+00 0.0000E+00                       0.0000E+00            2.0961E-08                     0.741 1.0000               280.542
 2730.00 0.58045113 1.6366E-08 0.0000E+00 0.0000E+00                       0.0000E+00            1.6366E-08                     0.544 1.0000               276.451
 2740.00 0.69829971 1.1250E-08 0.0000E+00 0.0000E+00                       0.0000E+00            1.1250E-08                     0.359 1.0000               270.129
 2750.00 0.70977587 1.0352E-08 0.0000E+00 0.0000E+00                       0.0000E+00            1.0352E-08                     0.343 1.0000               269.377
 2760.00 0.67693609 1.1082E-08 0.0000E+00 0.0000E+00                       0.0000E+00            1.1082E-08                     0.390 1.0000               271.414
 2770.00 0.62561351 1.2367E-08 0.0000E+00 0.0000E+00                       0.0000E+00            1.2367E-08                     0.469 1.0000               274.252
 2780.00 0.58297896 1.3271E-08 0.0000E+00 0.0000E+00                       0.0000E+00            1.3271E-08                     0.540 1.0000               276.378
 2790.00 0.55782217 1.3567E-08 0.0000E+00 0.0000E+00                       0.0000E+00            1.3567E-08                     0.584 1.0000               277.588
 2800.00 0.55607247 1.3129E-08 0.0000E+00 0.0000E+00                       0.0000E+00            1.3129E-08                     0.587 1.0000               277.747
 2810.00 0.55605966 1.2609E-08 0.0000E+00 0.0000E+00                       0.0000E+00            1.2609E-08                     0.587 1.0000               277.761
 2820.00 0.54635823 1.2416E-08 0.0000E+00 0.0000E+00                       0.0000E+00            1.2416E-08                     0.604 1.0000               278.250
 2830.00 0.56933647 1.1383E-08 0.0000E+00 0.0000E+00                       0.0000E+00            1.1383E-08                     0.563 1.0000               277.382
 2840.00 0.61931306 9.6852E-09 0.0000E+00 0.0000E+00                       0.0000E+00            9.6852E-09                     0.479 1.0000               275.137
 2850.00 0.65683657 8.3902E-09 0.0000E+00 0.0000E+00                       0.0000E+00            8.3902E-09                     0.420 1.0000               273.270
 2860.00 0.66939926 7.7637E-09 0.0000E+00 0.0000E+00                       0.0000E+00            7.7637E-09                     0.401 1.0000               272.628
 2870.00 0.66006994 7.6755E-09 0.0000E+00 0.0000E+00                       0.0000E+00            7.6755E-09                     0.415 1.0000               273.185
 2880.00 0.63341969 7.9541E-09 0.0000E+00 0.0000E+00                       0.0000E+00            7.9541E-09                     0.457 1.0000               274.595
 2890.00 0.59554613 8.4356E-09 0.0000E+00 0.0000E+00                       0.0000E+00            8.4356E-09                     0.518 1.0000               276.435
 2900.00 0.56137484 8.8160E-09 0.0000E+00 0.0000E+00                       0.0000E+00            8.8160E-09                     0.577 1.0000               278.015
 2910.00 0.54880071 8.7448E-09 0.0000E+00 0.0000E+00                       0.0000E+00            8.7448E-09                     0.600 1.0000               278.631
 2920.00 0.49641758 9.3379E-09 0.0000E+00 0.0000E+00                       0.0000E+00            9.3379E-09                     0.700 1.0000               280.622
 2930.00 0.38786677 1.0923E-08 0.0000E+00 0.0000E+00                       0.0000E+00            1.0923E-08                     0.947 1.0000               284.366
 2940.00 0.34493545 1.1307E-08 0.0000E+00 0.0000E+00                       0.0000E+00            1.1307E-08                     1.064 1.0000               285.806
 2950.00 0.31662586 1.1311E-08 0.0000E+00 0.0000E+00                       0.0000E+00            1.1311E-08                     1.150 1.0000               286.589
 2960.00 0.21403117 1.2499E-08 0.0000E+00 0.0000E+00                       0.0000E+00            1.2499E-08                     1.542 1.0000               289.313
 2970.00 0.11994048 1.3492E-08 0.0000E+00 0.0000E+00                       0.0000E+00            1.3492E-08                     2.121 1.0000               291.604
 2980.00 0.07552350 1.3649E-08 0.0000E+00 0.0000E+00                       0.0000E+00            1.3649E-08                     2.583 1.0000               292.616
 2990.00 0.07949140 1.3090E-08 0.0000E+00 0.0000E+00                       0.0000E+00            1.3090E-08                     2.532 1.0000               292.562
 3000.00 0.08415645 1.2509E-08 0.0000E+00 0.0000E+00                       0.0000E+00            1.2509E-08                     2.475 1.0000               292.439
 3010.00 0.04547007 1.2532E-08 0.0000E+00 0.0000E+00                       0.0000E+00            1.2532E-08                     3.091 1.0000               293.251
 3020.00 0.01584620 1.2442E-08 0.0000E+00 0.0000E+00                       0.0000E+00            1.2442E-08                     4.145 1.0000               293.884
 3030.00 0.03398960 1.1760E-08 0.0000E+00 0.0000E+00                       0.0000E+00            1.1760E-08                     3.382 1.0000               293.540
 3040.00 0.06465397 1.0946E-08 0.0000E+00 0.0000E+00                       0.0000E+00            1.0946E-08                     2.739 1.0000               292.900
 3050.00 0.04996058 1.0673E-08 0.0000E+00 0.0000E+00                       0.0000E+00            1.0673E-08                     2.997 1.0000               293.174
 3060.00 0.02498779 1.0544E-08 0.0000E+00 0.0000E+00                       0.0000E+00            1.0544E-08                     3.689 1.0000               293.705
 3070.00 0.02777427 1.0115E-08 0.0000E+00 0.0000E+00                       0.0000E+00            1.0115E-08                     3.584 1.0000               293.659
 3080.00 0.02620808 9.7374E-09 0.0000E+00 0.0000E+00                       0.0000E+00            9.7374E-09                     3.642 1.0000               293.682
 3090.00 0.01676837 9.4540E-09 0.0000E+00 0.0000E+00                       0.0000E+00            9.4540E-09                     4.088 1.0000               293.871
 3100.00 0.00661718 9.1845E-09 0.0000E+00 0.0000E+00                       0.0000E+00            9.1845E-09                     5.018 1.0000               294.071
 3110.00 0.00051571 8.8874E-09 0.0000E+00 0.0000E+00                       0.0000E+00            8.8874E-09                     7.570 1.0000               294.194
 3120.00 0.00255357 8.5292E-09 0.0000E+00 0.0000E+00                       0.0000E+00            8.5292E-09                     5.970 1.0000               294.158
 3130.00 0.02496626 8.0236E-09 0.0000E+00 0.0000E+00                       0.0000E+00            8.0236E-09                     3.690 1.0000               293.740
 3140.00 0.07951514 7.2893E-09 0.0000E+00 0.0000E+00                       0.0000E+00            7.2893E-09                     2.532 1.0000               292.664
 3150.00 0.14722016 6.4910E-09 0.0000E+00 0.0000E+00                       0.0000E+00            6.4910E-09                     1.916 1.0000               291.228
 3160.00 0.15531069 6.1606E-09 0.0000E+00 0.0000E+00                       0.0000E+00            6.1606E-09                     1.862 1.0000               290.998
 3170.00 0.08099782 6.4370E-09 0.0000E+00 0.0000E+00                       0.0000E+00            6.4370E-09                     2.513 1.0000               292.563
 3180.00 0.03210905 6.5329E-09 0.0000E+00 0.0000E+00                       0.0000E+00            6.5329E-09                     3.439 1.0000               293.586
 3190.00 0.03433984 6.2670E-09 0.0000E+00 0.0000E+00                       0.0000E+00            6.2670E-09                     3.371 1.0000               293.549
 3200.00 0.02763246 6.0632E-09 0.0000E+00 0.0000E+00                       0.0000E+00            6.0632E-09                     3.589 1.0000               293.672
 3210.00 0.01367020 5.9121E-09 0.0000E+00 0.0000E+00                       0.0000E+00            5.9121E-09                     4.293 1.0000               293.941
 3220.00 0.00510756 5.7327E-09 0.0000E+00 0.0000E+00                       0.0000E+00            5.7327E-09                     5.277 1.0000               294.106
 3230.00 0.00162152 5.5304E-09 0.0000E+00 0.0000E+00                       0.0000E+00            5.5304E-09                     6.424 1.0000               294.174
 3240.00 0.00338408 5.3067E-09 0.0000E+00 0.0000E+00                       0.0000E+00            5.3067E-09                     5.689 1.0000               294.143
 3250.00 0.00599722 5.0867E-09 0.0000E+00 0.0000E+00                       0.0000E+00            5.0867E-09                     5.116 1.0000               294.094
 3260.00 0.00604080 4.8883E-09 0.0000E+00 0.0000E+00                       0.0000E+00            4.8883E-09                     5.109 1.0000               294.093
 3270.00 0.00503826 4.7027E-09 0.0000E+00 0.0000E+00                       0.0000E+00            4.7027E-09                     5.291 1.0000               294.111
 3280.00 0.00304939 4.5283E-09 0.0000E+00 0.0000E+00                       0.0000E+00            4.5283E-09                     5.793 1.0000               294.148
 3290.00 0.00456026 4.3461E-09 0.0000E+00 0.0000E+00                       0.0000E+00            4.3461E-09                     5.390 1.0000               294.124
 3300.00 0.00956382 4.1554E-09 0.0000E+00 0.0000E+00                       0.0000E+00            4.1554E-09                     4.650 1.0000               294.032
 3310.00 0.01346475 3.9772E-09 0.0000E+00 0.0000E+00                       0.0000E+00            3.9772E-09                     4.308 1.0000               293.960
 3320.00 0.01634309 3.8105E-09 0.0000E+00 0.0000E+00                       0.0000E+00            3.8105E-09                     4.114 1.0000               293.907
 3330.00 0.01765672 3.6569E-09 0.0000E+00 0.0000E+00                       0.0000E+00            3.6569E-09                     4.037 1.0000               293.885
 -9999.
