 6.02410  1660.00 0.021545 0.978455 0.000000
 6.00601  1665.00 0.036702 0.963298 0.000000
 5.98802  1670.00 0.041727 0.958273 0.000000
 5.97015  1675.00 0.041686 0.958314 0.000000
 5.95238  1680.00 0.041646 0.958354 0.000000
 5.93472  1685.00 0.041294 0.958706 0.000000
 5.91716  1690.00 0.040894 0.959106 0.000000
 5.89970  1695.00 0.040494 0.959506 0.000000
 5.88235  1700.00 0.040044 0.959956 0.000000
 5.86510  1705.00 0.039594 0.960406 0.000000
 5.84795  1710.00 0.039199 0.960801 0.000000
 5.83090  1715.00 0.039206 0.960794 0.000000
 5.81395  1720.00 0.039214 0.960786 0.000000
 5.79710  1725.00 0.039282 0.960718 0.000000
 5.78035  1730.00 0.039635 0.960365 0.000000
 5.76369  1735.00 0.039989 0.960011 0.000000
 5.74713  1740.00 0.040360 0.959640 0.000000
 5.73066  1745.00 0.040807 0.959193 0.000000
 5.71429  1750.00 0.041255 0.958745 0.000000
 5.69801  1755.00 0.041686 0.958314 0.000000
 5.68182  1760.00 0.041996 0.958004 0.000000
 5.66572  1765.00 0.042307 0.957693 0.000000
 5.64972  1770.00 0.042622 0.957378 0.000000
 5.63380  1775.00 0.043157 0.956843 0.000000
 5.61798  1780.00 0.043692 0.956308 0.000000
 5.60224  1785.00 0.044227 0.955773 0.000000
 5.58659  1790.00 0.045960 0.954040 0.000000
 5.57103  1795.00 0.047892 0.952108 0.000000
 5.55556  1800.00 0.049825 0.950175 0.000000
 5.54017  1805.00 0.052186 0.947814 0.000000
 5.52486  1810.00 0.054789 0.945211 0.000000
 5.50964  1815.00 0.057392 0.942608 0.000000
 5.49451  1820.00 0.059387 0.940613 0.000000
 5.47945  1825.00 0.060317 0.939683 0.000000
 5.46448  1830.00 0.061247 0.938753 0.000000
 5.44959  1835.00 0.062142 0.937858 0.000000
 5.43478  1840.00 0.061797 0.938203 0.000000
 5.42005  1845.00 0.061451 0.938549 0.000000
 5.40541  1850.00 0.061106 0.938894 0.000000
 5.39084  1855.00 0.061099 0.938901 0.000000
 5.37634  1860.00 0.061291 0.938709 0.000000
 5.36193  1865.00 0.061482 0.938518 0.000000
 5.34759  1870.00 0.061731 0.938269 0.000000
 5.33333  1875.00 0.062262 0.937738 0.000000
 5.31915  1880.00 0.062793 0.937207 0.000000
 5.30504  1885.00 0.063324 0.936676 0.000000
 5.29101  1890.00 0.063557 0.936443 0.000000
 5.27704  1895.00 0.063624 0.936376 0.000000
 5.26316  1900.00 0.063690 0.936310 0.000000
 5.24934  1905.00 0.063725 0.936275 0.000000
 5.23560  1910.00 0.063132 0.936868 0.000000
 5.22193  1915.00 0.062539 0.937461 0.000000
 5.20833  1920.00 0.061946 0.938054 0.000000
 5.19481  1925.00 0.061146 0.938854 0.000000
 5.18135  1930.00 0.060014 0.939986 0.000000
 5.16796  1935.00 0.058882 0.941118 0.000000
 5.15464  1940.00 0.057750 0.942250 0.000000
 5.14139  1945.00 0.056599 0.943401 0.000000
 5.12821  1950.00 0.055438 0.944562 0.000000
 5.11509  1955.00 0.054276 0.945724 0.000000
 5.10204  1960.00 0.053115 0.946885 0.000000
 5.08906  1965.00 0.052005 0.947995 0.000000
 5.07614  1970.00 0.050905 0.949095 0.000000
 5.06329  1975.00 0.049805 0.950195 0.000000
 5.05051  1980.00 0.048705 0.951295 0.000000
 5.03778  1985.00 0.047143 0.952857 0.000000
 5.02513  1990.00 0.045562 0.954438 0.000000
 5.01253  1995.00 0.043981 0.956019 0.000000
 5.00000  2000.00 0.042401 0.957599 0.000000
 4.98753  2005.00 0.040751 0.959249 0.000000
 4.97512  2010.00 0.039101 0.960899 0.000000
 4.96278  2015.00 0.037451 0.962549 0.000000
 4.95050  2020.00 0.035801 0.964199 0.000000
 4.93827  2025.00 0.035230 0.964770 0.000000
 4.92611  2030.00 0.034704 0.965296 0.000000
 4.91400  2035.00 0.034179 0.965821 0.000000
 4.90196  2040.00 0.033653 0.966347 0.000000
 4.88998  2045.00 0.033550 0.966450 0.000000
 4.87805  2050.00 0.033530 0.966470 0.000000
 4.86618  2055.00 0.033509 0.966491 0.000000
 4.85437  2060.00 0.033489 0.966511 0.000000
 4.84262  2065.00 0.033040 0.966960 0.000000
 4.83092  2070.00 0.032338 0.967662 0.000000
 4.81928  2075.00 0.031636 0.968364 0.000000
 4.80769  2080.00 0.030933 0.969067 0.000000
 4.79616  2085.00 0.030776 0.969224 0.000000
 4.78469  2090.00 0.031708 0.968292 0.000000
 4.77327  2095.00 0.032639 0.967361 0.000000
 4.76190  2100.00 0.033571 0.966429 0.000000
 4.75059  2105.00 0.034503 0.965497 0.000000
 4.73934  2110.00 0.037523 0.962477 0.000000
 4.72813  2115.00 0.040659 0.959341 0.000000
 4.71698  2120.00 0.043796 0.956204 0.000000
 4.70588  2125.00 0.046932 0.953068 0.000000
 4.69484  2130.00 0.045966 0.954034 0.000000
 4.68384  2135.00 0.040337 0.959663 0.000000
 4.67290  2140.00 0.034709 0.965291 0.000000
 4.66200  2145.00 0.029081 0.970919 0.000000
 4.65116  2150.00 0.023452 0.976548 0.000000
 4.64037  2155.00 0.018485 0.981515 0.000000
 4.62963  2160.00 0.013599 0.986401 0.000000
 4.61894  2165.00 0.008712 0.991288 0.000000
 4.60829  2170.00 0.003825 0.996175 0.000000
 4.59770  2175.00 0.005389 0.994611 0.000000
 4.58716  2180.00 0.030179 0.969821 0.000000
 4.57666  2185.00 0.054969 0.945031 0.000000
 4.56621  2190.00 0.079759 0.920241 0.000000
 4.55581  2195.00 0.104548 0.895452 0.000000
 4.54545  2200.00 0.153070 0.846930 0.000000
 4.53515  2205.00 0.231852 0.768148 0.000000
 4.52489  2210.00 0.310634 0.689366 0.000000
 4.51467  2215.00 0.389415 0.610585 0.000000
 4.50450  2220.00 0.468197 0.531803 0.000000
 4.49438  2225.00 0.547141 0.452859 0.000000
 4.48430  2230.00 0.626216 0.373784 0.000000
 4.47427  2235.00 0.705290 0.294710 0.000000
 4.46429  2240.00 0.784364 0.215636 0.000000
 4.45434  2245.00 0.863438 0.136562 0.000000
 4.44444  2250.00 0.905572 0.094428 0.000000
 4.43459  2255.00 0.918895 0.081105 0.000000
 4.42478  2260.00 0.932218 0.067782 0.000000
 4.41501  2265.00 0.945541 0.054459 0.000000
 4.40529  2270.00 0.958863 0.041137 0.000000
 4.39560  2275.00 0.929611 0.070389 0.000000
 4.38596  2280.00 0.849268 0.150732 0.000000
 4.37637  2285.00 0.768924 0.231076 0.000000
 4.36681  2290.00 0.688581 0.311419 0.000000
 4.35730  2295.00 0.608238 0.391762 0.000000
 4.34783  2300.00 0.527009 0.472991 0.000000
 4.33839  2305.00 0.442817 0.557183 0.000000
 4.32900  2310.00 0.358625 0.641375 0.000000
 4.31965  2315.00 0.274433 0.725567 0.000000
 4.31034  2320.00 0.190241 0.809759 0.000000
 4.30108  2325.00 0.106048 0.893952 0.000000
 4.29185  2330.00 0.091940 0.908060 0.000000
 4.28266  2335.00 0.087051 0.912949 0.000000
 4.27350  2340.00 0.082163 0.917837 0.000000
 4.26439  2345.00 0.077274 0.922726 0.000000
 4.25532  2350.00 0.072385 0.927615 0.000000
 4.24628  2355.00 0.081984 0.918016 0.000000
 4.23729  2360.00 0.112280 0.887720 0.000000
 4.22833  2365.00 0.142576 0.857424 0.000000
 4.21941  2370.00 0.172871 0.827129 0.000000
 4.21053  2375.00 0.203167 0.796833 0.000000
 4.20168  2380.00 0.233463 0.766537 0.000000
 4.19287  2385.00 0.232146 0.767854 0.000000
 4.18410  2390.00 0.223391 0.776609 0.000000
 4.17537  2395.00 0.214635 0.785365 0.000000
 4.16667  2400.00 0.205880 0.794120 0.000000
 4.15800  2405.00 0.197125 0.802875 0.000000
 4.14938  2410.00 0.186952 0.813048 0.000000
 4.14079  2415.00 0.158581 0.841419 0.000000
 4.13223  2420.00 0.130210 0.869790 0.000000
 4.12371  2425.00 0.101839 0.898161 0.000000
 4.11523  2430.00 0.073468 0.926532 0.000000
 4.10678  2435.00 0.045097 0.954903 0.000000
 4.09836  2440.00 0.021837 0.978163 0.000000
 4.08998  2445.00 0.019657 0.980343 0.000000
 4.08163  2450.00 0.017478 0.982522 0.000000
 4.07332  2455.00 0.015299 0.984701 0.000000
 4.06504  2460.00 0.013119 0.986881 0.000000
 4.05680  2465.00 0.010940 0.989060 0.000000
 4.04858  2470.00 0.009066 0.990934 0.000000
 4.04040  2475.00 0.008656 0.991344 0.000000
 4.03226  2480.00 0.008246 0.991754 0.000000
 4.02414  2485.00 0.007836 0.992164 0.000000
 4.01606  2490.00 0.007426 0.992574 0.000000
 4.00802  2495.00 0.007016 0.992984 0.000000
 4.00000  2500.00 0.006606 0.993394 0.000000
 3.99202  2505.00 0.006541 0.993459 0.000000
 3.98406  2510.00 0.006476 0.993524 0.000000
 3.97614  2515.00 0.006410 0.993590 0.000000
 3.96825  2520.00 0.006345 0.993655 0.000000
 3.96040  2525.00 0.006280 0.993720 0.000000
 3.95257  2530.00 0.006215 0.993785 0.000000
 3.94477  2535.00 0.006172 0.993828 0.000000
 3.93701  2540.00 0.006141 0.993859 0.000000
 3.92927  2545.00 0.006109 0.993891 0.000000
 3.92157  2550.00 0.006077 0.993923 0.000000
 3.91389  2555.00 0.006046 0.993954 0.000000
 3.90625  2560.00 0.006014 0.993986 0.000000
 3.89864  2565.00 0.005993 0.994007 0.000000
 3.89105  2570.00 0.006021 0.993979 0.000000
 3.88350  2575.00 0.006050 0.993950 0.000000
 3.87597  2580.00 0.006078 0.993922 0.000000
 3.86847  2585.00 0.006106 0.993894 0.000000
 3.86100  2590.00 0.006134 0.993866 0.000000
 3.85356  2595.00 0.006162 0.993838 0.000000
 3.84615  2600.00 0.006137 0.993863 0.000000
 3.83877  2605.00 0.006063 0.993937 0.000000
 3.83142  2610.00 0.005990 0.994010 0.000000
 3.82409  2615.00 0.005916 0.994084 0.000000
 3.81679  2620.00 0.005842 0.994158 0.000000
 3.80952  2625.00 0.005768 0.994232 0.000000
 3.80228  2630.00 0.005695 0.994305 0.000000
 3.79507  2635.00 0.005625 0.994375 0.000000
 3.78788  2640.00 0.005558 0.994442 0.000000
 3.78072  2645.00 0.005490 0.994510 0.000000
 3.77358  2650.00 0.005423 0.994577 0.000000
 3.76648  2655.00 0.005356 0.994644 0.000000
 3.75940  2660.00 0.005288 0.994712 0.000000
 3.75235  2665.00 0.005221 0.994779 0.000000
 3.74532  2670.00 0.005199 0.994801 0.000000
 3.73832  2675.00 0.005201 0.994799 0.000000
 3.73134  2680.00 0.005203 0.994797 0.000000
 3.72439  2685.00 0.005204 0.994796 0.000000
 3.71747  2690.00 0.005206 0.994794 0.000000
 3.71058  2695.00 0.005207 0.994793 0.000000
 3.70370  2700.00 0.005209 0.994791 0.000000
 3.69686  2705.00 0.005177 0.994823 0.000000
 3.69004  2710.00 0.005106 0.994894 0.000000
 3.68324  2715.00 0.005036 0.994964 0.000000
 3.67647  2720.00 0.004965 0.995035 0.000000
 3.66972  2725.00 0.004895 0.995105 0.000000
 3.66300  2730.00 0.004824 0.995176 0.000000
 3.65631  2735.00 0.004754 0.995246 0.000000
 3.64964  2740.00 0.004687 0.995313 0.000000
 3.64299  2745.00 0.004689 0.995311 0.000000
 3.63636  2750.00 0.004690 0.995310 0.000000
 3.62976  2755.00 0.004691 0.995309 0.000000
 3.62319  2760.00 0.004693 0.995307 0.000000
 3.61664  2765.00 0.004694 0.995306 0.000000
 3.61011  2770.00 0.004695 0.995305 0.000000
 3.60360  2775.00 0.004697 0.995303 0.000000
 3.59712  2780.00 0.004684 0.995316 0.000000
 3.59066  2785.00 0.004654 0.995346 0.000000
 3.58423  2790.00 0.004624 0.995376 0.000000
 3.57782  2795.00 0.004595 0.995405 0.000000
 3.57143  2800.00 0.004565 0.995435 0.000000
 3.56506  2805.00 0.004535 0.995465 0.000000
 3.55872  2810.00 0.004505 0.995495 0.000000
 3.55240  2815.00 0.004475 0.995525 0.000000
 3.54610  2820.00 0.004512 0.995488 0.000000
 3.53982  2825.00 0.004591 0.995409 0.000000
 3.53357  2830.00 0.004669 0.995331 0.000000
 3.52734  2835.00 0.004747 0.995253 0.000000
 3.52113  2840.00 0.004826 0.995174 0.000000
 3.51494  2845.00 0.004904 0.995096 0.000000
 3.50877  2850.00 0.004983 0.995017 0.000000
 3.50263  2855.00 0.005061 0.994939 0.000000
 3.49650  2860.00 0.005126 0.994874 0.000000
 3.49040  2865.00 0.005182 0.994818 0.000000
 3.48432  2870.00 0.005237 0.994763 0.000000
 3.47826  2875.00 0.005292 0.994708 0.000000
 3.47222  2880.00 0.005348 0.994652 0.000000
 3.46620  2885.00 0.005403 0.994597 0.000000
 3.46021  2890.00 0.005458 0.994542 0.000000
 3.45423  2895.00 0.005514 0.994486 0.000000
 3.44828  2900.00 0.005573 0.994427 0.000000
 3.44234  2905.00 0.005642 0.994358 0.000000
 3.43643  2910.00 0.005711 0.994289 0.000000
 3.43053  2915.00 0.005780 0.994220 0.000000
 3.42466  2920.00 0.005849 0.994151 0.000000
 3.41880  2925.00 0.005918 0.994082 0.000000
 3.41297  2930.00 0.005987 0.994013 0.000000
 3.40716  2935.00 0.006056 0.993944 0.000000
 3.40136  2940.00 0.006125 0.993875 0.000000
 3.39559  2945.00 0.006204 0.993796 0.000000
 3.38983  2950.00 0.006285 0.993715 0.000000
 3.38409  2955.00 0.006367 0.993633 0.000000
 3.37838  2960.00 0.006448 0.993552 0.000000
 3.37268  2965.00 0.006529 0.993471 0.000000
 3.36700  2970.00 0.006611 0.993389 0.000000
 3.36134  2975.00 0.006692 0.993308 0.000000
 3.35570  2980.00 0.006774 0.993226 0.000000
 3.35008  2985.00 0.006855 0.993145 0.000000
 3.34448  2990.00 0.007001 0.992999 0.000000
 3.33890  2995.00 0.007148 0.992852 0.000000
 3.33333  3000.00 0.007295 0.992705 0.000000
 3.32779  3005.00 0.007442 0.992558 0.000000
 3.32226  3010.00 0.007589 0.992411 0.000000
 3.31675  3015.00 0.007736 0.992264 0.000000
 3.31126  3020.00 0.007883 0.992117 0.000000
 3.30579  3025.00 0.008030 0.991970 0.000000
 3.30033  3030.00 0.008177 0.991823 0.000000
 3.29489  3035.00 0.008283 0.991717 0.000000
 3.28947  3040.00 0.008387 0.991613 0.000000
 3.28407  3045.00 0.008491 0.991509 0.000000
 3.27869  3050.00 0.008595 0.991405 0.000000
 3.27332  3055.00 0.008699 0.991301 0.000000
 3.26797  3060.00 0.008803 0.991197 0.000000
 3.26264  3065.00 0.008907 0.991093 0.000000
 3.25733  3070.00 0.009011 0.990989 0.000000
 3.25203  3075.00 0.009115 0.990885 0.000000
 3.24675  3080.00 0.009082 0.990918 0.000000
 3.24149  3085.00 0.008964 0.991036 0.000000
 3.23625  3090.00 0.008846 0.991154 0.000000
 3.23102  3095.00 0.008729 0.991271 0.000000
 3.22581  3100.00 0.008611 0.991389 0.000000
 3.22061  3105.00 0.008493 0.991507 0.000000
 3.21543  3110.00 0.008375 0.991625 0.000000
 3.21027  3115.00 0.008257 0.991743 0.000000
 3.20513  3120.00 0.008139 0.991861 0.000000
 3.20000  3125.00 0.008021 0.991979 0.000000
 3.19489  3130.00 0.007989 0.992011 0.000000
 3.18979  3135.00 0.007957 0.992043 0.000000
 3.18471  3140.00 0.007924 0.992076 0.000000
 3.17965  3145.00 0.007892 0.992108 0.000000
 3.17460  3150.00 0.007860 0.992140 0.000000
 3.16957  3155.00 0.007828 0.992172 0.000000
 3.16456  3160.00 0.007795 0.992205 0.000000
 3.15956  3165.00 0.007763 0.992237 0.000000
 3.15457  3170.00 0.007731 0.992269 0.000000
 3.14961  3175.00 0.007715 0.992285 0.000000
 3.14465  3180.00 0.007895 0.992105 0.000000
 3.13972  3185.00 0.008075 0.991925 0.000000
 3.13480  3190.00 0.008254 0.991746 0.000000
 3.12989  3195.00 0.008434 0.991566 0.000000
 3.12500  3200.00 0.008614 0.991386 0.000000
 3.12012  3205.00 0.008793 0.991207 0.000000
 3.11526  3210.00 0.008973 0.991027 0.000000
 3.11042  3215.00 0.009153 0.990847 0.000000
 3.10559  3220.00 0.009332 0.990668 0.000000
 3.10078  3225.00 0.009512 0.990488 0.000000
 3.09598  3230.00 0.009631 0.990369 0.000000
 3.09119  3235.00 0.009739 0.990261 0.000000
 3.08642  3240.00 0.009846 0.990154 0.000000
 3.08166  3245.00 0.009954 0.990046 0.000000
 3.07692  3250.00 0.010061 0.989939 0.000000
 3.07220  3255.00 0.010169 0.989831 0.000000
 3.06748  3260.00 0.010276 0.989724 0.000000
 3.06279  3265.00 0.010384 0.989616 0.000000
 3.05810  3270.00 0.010491 0.989509 0.000000
 3.05344  3275.00 0.010599 0.989401 0.000000
 3.04878  3280.00 0.010706 0.989294 0.000000
 3.04414  3285.00 0.010814 0.989186 0.000000
 3.03951  3290.00 0.010921 0.989079 0.000000
 3.03490  3295.00 0.011029 0.988971 0.000000
 3.03030  3300.00 0.011136 0.988864 0.000000
 3.02572  3305.00 0.011243 0.988757 0.000000
 3.02115  3310.00 0.011351 0.988649 0.000000
 3.01659  3315.00 0.011458 0.988542 0.000000
 3.01205  3320.00 0.011566 0.988434 0.000000
 3.00752  3325.00 0.011673 0.988327 0.000000
 3.00300  3330.00 0.011780 0.988220 0.000000
