  6.0240964e+000  1.6600000e+003  0.0000000e+000
  6.0060060e+000  1.6650000e+003  0.0000000e+000
  5.9880240e+000  1.6700000e+003  0.0000000e+000
  5.9701493e+000  1.6750000e+003  0.0000000e+000
  5.9523810e+000  1.6800000e+003  0.0000000e+000
  5.9347181e+000  1.6850000e+003  0.0000000e+000
  5.9171598e+000  1.6900000e+003  0.0000000e+000
  5.8997050e+000  1.6950000e+003  0.0000000e+000
  5.8823529e+000  1.7000000e+003  0.0000000e+000
  5.8651026e+000  1.7050000e+003  0.0000000e+000
  5.8479532e+000  1.7100000e+003  0.0000000e+000
  5.8309038e+000  1.7150000e+003  0.0000000e+000
  5.8139535e+000  1.7200000e+003  0.0000000e+000
  5.7971014e+000  1.7250000e+003  0.0000000e+000
  5.7803468e+000  1.7300000e+003  0.0000000e+000
  5.7636888e+000  1.7350000e+003  0.0000000e+000
  5.7471264e+000  1.7400000e+003  0.0000000e+000
  5.7306590e+000  1.7450000e+003  0.0000000e+000
  5.7142857e+000  1.7500000e+003  0.0000000e+000
  5.6980057e+000  1.7550000e+003  0.0000000e+000
  5.6818182e+000  1.7600000e+003  0.0000000e+000
  5.6657224e+000  1.7650000e+003  0.0000000e+000
  5.6497175e+000  1.7700000e+003  0.0000000e+000
  5.6338028e+000  1.7750000e+003  0.0000000e+000
  5.6179775e+000  1.7800000e+003  0.0000000e+000
  5.6022409e+000  1.7850000e+003  0.0000000e+000
  5.5865922e+000  1.7900000e+003  0.0000000e+000
  5.5710306e+000  1.7950000e+003  0.0000000e+000
  5.5555556e+000  1.8000000e+003  0.0000000e+000
  5.5401662e+000  1.8050000e+003  0.0000000e+000
  5.5248619e+000  1.8100000e+003  0.0000000e+000
  5.5096419e+000  1.8150000e+003  0.0000000e+000
  5.4945055e+000  1.8200000e+003  0.0000000e+000
  5.4794521e+000  1.8250000e+003  0.0000000e+000
  5.4644809e+000  1.8300000e+003  0.0000000e+000
  5.4495913e+000  1.8350000e+003  0.0000000e+000
  5.4347826e+000  1.8400000e+003  0.0000000e+000
  5.4200542e+000  1.8450000e+003  0.0000000e+000
  5.4054054e+000  1.8500000e+003  0.0000000e+000
  5.3908356e+000  1.8550000e+003  0.0000000e+000
  5.3763441e+000  1.8600000e+003  0.0000000e+000
  5.3619303e+000  1.8650000e+003  0.0000000e+000
  5.3475936e+000  1.8700000e+003  0.0000000e+000
  5.3333333e+000  1.8750000e+003  0.0000000e+000
  5.3191489e+000  1.8800000e+003  0.0000000e+000
  5.3050398e+000  1.8850000e+003  0.0000000e+000
  5.2910053e+000  1.8900000e+003  0.0000000e+000
  5.2770449e+000  1.8950000e+003  0.0000000e+000
  5.2631579e+000  1.9000000e+003  0.0000000e+000
  5.2493438e+000  1.9050000e+003  0.0000000e+000
  5.2356021e+000  1.9100000e+003  0.0000000e+000
  5.2219321e+000  1.9150000e+003  0.0000000e+000
  5.2083333e+000  1.9200000e+003  0.0000000e+000
  5.1948052e+000  1.9250000e+003  0.0000000e+000
  5.1813472e+000  1.9300000e+003  0.0000000e+000
  5.1679587e+000  1.9350000e+003  0.0000000e+000
  5.1546392e+000  1.9400000e+003  0.0000000e+000
  5.1413882e+000  1.9450000e+003  0.0000000e+000
  5.1282051e+000  1.9500000e+003  0.0000000e+000
  5.1150895e+000  1.9550000e+003  0.0000000e+000
  5.1020408e+000  1.9600000e+003  0.0000000e+000
  5.0890585e+000  1.9650000e+003  0.0000000e+000
  5.0761421e+000  1.9700000e+003  0.0000000e+000
  5.0632911e+000  1.9750000e+003  0.0000000e+000
  5.0505051e+000  1.9800000e+003  0.0000000e+000
  5.0377834e+000  1.9850000e+003  0.0000000e+000
  5.0251256e+000  1.9900000e+003  0.0000000e+000
  5.0125313e+000  1.9950000e+003  0.0000000e+000
  5.0000000e+000  2.0000000e+003  0.0000000e+000
  4.9875312e+000  2.0050000e+003  0.0000000e+000
  4.9751244e+000  2.0100000e+003  0.0000000e+000
  4.9627792e+000  2.0150000e+003  0.0000000e+000
  4.9504950e+000  2.0200000e+003  0.0000000e+000
  4.9382716e+000  2.0250000e+003  0.0000000e+000
  4.9261084e+000  2.0300000e+003  0.0000000e+000
  4.9140049e+000  2.0350000e+003  0.0000000e+000
  4.9019608e+000  2.0400000e+003  0.0000000e+000
  4.8899756e+000  2.0450000e+003  1.6728000e-002
  4.8780488e+000  2.0500000e+003  3.6720000e-002
  4.8661800e+000  2.0550000e+003  5.6712000e-002
  4.8543689e+000  2.0600000e+003  7.6704000e-002
  4.8426150e+000  2.0650000e+003  9.6696000e-002
  4.8309179e+000  2.0700000e+003  1.1668800e-001
  4.8192771e+000  2.0750000e+003  1.3668000e-001
  4.8076923e+000  2.0800000e+003  1.5667200e-001
  4.7961631e+000  2.0850000e+003  1.8466400e-001
  4.7846890e+000  2.0900000e+003  2.2865600e-001
  4.7732697e+000  2.0950000e+003  2.7264800e-001
  4.7619048e+000  2.1000000e+003  3.1664000e-001
  4.7505938e+000  2.1050000e+003  3.6063200e-001
  4.7393365e+000  2.1100000e+003  4.0462400e-001
  4.7281324e+000  2.1150000e+003  4.4861600e-001
  4.7169811e+000  2.1200000e+003  4.9260800e-001
  4.7058824e+000  2.1250000e+003  5.3660000e-001
  4.6948357e+000  2.1300000e+003  5.7720400e-001
  4.6838407e+000  2.1350000e+003  6.1395800e-001
  4.6728972e+000  2.1400000e+003  6.5071200e-001
  4.6620047e+000  2.1450000e+003  6.8746600e-001
  4.6511628e+000  2.1500000e+003  7.2422000e-001
  4.6403712e+000  2.1550000e+003  7.6097400e-001
  4.6296296e+000  2.1600000e+003  7.9772800e-001
  4.6189376e+000  2.1650000e+003  8.3448200e-001
  4.6082949e+000  2.1700000e+003  8.7123600e-001
  4.5977011e+000  2.1750000e+003  9.0225000e-001
  4.5871560e+000  2.1800000e+003  9.1260000e-001
  4.5766590e+000  2.1850000e+003  9.2295000e-001
  4.5662100e+000  2.1900000e+003  9.3330000e-001
  4.5558087e+000  2.1950000e+003  9.4365000e-001
  4.5454545e+000  2.2000000e+003  9.5400000e-001
  4.5351474e+000  2.2050000e+003  9.6435000e-001
  4.5248869e+000  2.2100000e+003  9.7470000e-001
  4.5146727e+000  2.2150000e+003  9.8505000e-001
  4.5045045e+000  2.2200000e+003  9.9540000e-001
  4.4943820e+000  2.2250000e+003  9.9780000e-001
  4.4843049e+000  2.2300000e+003  9.9384000e-001
  4.4742729e+000  2.2350000e+003  9.8988000e-001
  4.4642857e+000  2.2400000e+003  9.8592000e-001
  4.4543430e+000  2.2450000e+003  9.8196000e-001
  4.4444444e+000  2.2500000e+003  9.7800000e-001
  4.4345898e+000  2.2550000e+003  9.7404000e-001
  4.4247788e+000  2.2600000e+003  9.7008000e-001
  4.4150110e+000  2.2650000e+003  9.6612000e-001
  4.4052863e+000  2.2700000e+003  9.6216000e-001
  4.3956044e+000  2.2750000e+003  9.5957000e-001
  4.3859649e+000  2.2800000e+003  9.5862400e-001
  4.3763676e+000  2.2850000e+003  9.5767800e-001
  4.3668122e+000  2.2900000e+003  9.5673200e-001
  4.3572985e+000  2.2950000e+003  9.5578600e-001
  4.3478261e+000  2.3000000e+003  9.5484000e-001
  4.3383948e+000  2.3050000e+003  9.5389400e-001
  4.3290043e+000  2.3100000e+003  9.5294800e-001
  4.3196544e+000  2.3150000e+003  9.5200200e-001
  4.3103448e+000  2.3200000e+003  9.5105600e-001
  4.3010753e+000  2.3250000e+003  9.5011000e-001
  4.2918455e+000  2.3300000e+003  9.4441400e-001
  4.2826552e+000  2.3350000e+003  9.3809300e-001
  4.2735043e+000  2.3400000e+003  9.3177200e-001
  4.2643923e+000  2.3450000e+003  9.2545100e-001
  4.2553191e+000  2.3500000e+003  9.1913000e-001
  4.2462845e+000  2.3550000e+003  9.1280900e-001
  4.2372881e+000  2.3600000e+003  9.0648800e-001
  4.2283298e+000  2.3650000e+003  9.0016700e-001
  4.2194093e+000  2.3700000e+003  8.9384600e-001
  4.2105263e+000  2.3750000e+003  8.8752500e-001
  4.2016807e+000  2.3800000e+003  8.8120400e-001
  4.1928721e+000  2.3850000e+003  8.7581800e-001
  4.1841004e+000  2.3900000e+003  8.7065200e-001
  4.1753653e+000  2.3950000e+003  8.6548600e-001
  4.1666667e+000  2.4000000e+003  8.6032000e-001
  4.1580042e+000  2.4050000e+003  8.5515400e-001
  4.1493776e+000  2.4100000e+003  8.4998800e-001
  4.1407867e+000  2.4150000e+003  8.4482200e-001
  4.1322314e+000  2.4200000e+003  8.3965600e-001
  4.1237113e+000  2.4250000e+003  8.3449000e-001
  4.1152263e+000  2.4300000e+003  8.2932400e-001
  4.1067762e+000  2.4350000e+003  8.2415800e-001
  4.0983607e+000  2.4400000e+003  8.1968000e-001
  4.0899796e+000  2.4450000e+003  8.1804000e-001
  4.0816327e+000  2.4500000e+003  8.1640000e-001
  4.0733198e+000  2.4550000e+003  8.1476000e-001
  4.0650407e+000  2.4600000e+003  8.1312000e-001
  4.0567951e+000  2.4650000e+003  8.1148000e-001
  4.0485830e+000  2.4700000e+003  8.0984000e-001
  4.0404040e+000  2.4750000e+003  8.0820000e-001
  4.0322581e+000  2.4800000e+003  8.0656000e-001
  4.0241449e+000  2.4850000e+003  8.0492000e-001
  4.0160643e+000  2.4900000e+003  8.0328000e-001
  4.0080160e+000  2.4950000e+003  8.0164000e-001
  4.0000000e+000  2.5000000e+003  8.0000000e-001
  3.9920160e+000  2.5050000e+003  8.0390000e-001
  3.9840637e+000  2.5100000e+003  8.0780000e-001
  3.9761431e+000  2.5150000e+003  8.1170000e-001
  3.9682540e+000  2.5200000e+003  8.1560000e-001
  3.9603960e+000  2.5250000e+003  8.1950000e-001
  3.9525692e+000  2.5300000e+003  8.2340000e-001
  3.9447732e+000  2.5350000e+003  8.2730000e-001
  3.9370079e+000  2.5400000e+003  8.3120000e-001
  3.9292731e+000  2.5450000e+003  8.3510000e-001
  3.9215686e+000  2.5500000e+003  8.3900000e-001
  3.9138943e+000  2.5550000e+003  8.4290000e-001
  3.9062500e+000  2.5600000e+003  8.4680000e-001
  3.8986355e+000  2.5650000e+003  8.4800500e-001
  3.8910506e+000  2.5700000e+003  8.3689000e-001
  3.8834951e+000  2.5750000e+003  8.2577500e-001
  3.8759690e+000  2.5800000e+003  8.1466000e-001
  3.8684720e+000  2.5850000e+003  8.0354500e-001
  3.8610039e+000  2.5900000e+003  7.9243000e-001
  3.8535645e+000  2.5950000e+003  7.8131500e-001
  3.8461538e+000  2.6000000e+003  7.7020000e-001
  3.8387716e+000  2.6050000e+003  7.5908500e-001
  3.8314176e+000  2.6100000e+003  7.4797000e-001
  3.8240918e+000  2.6150000e+003  7.3685500e-001
  3.8167939e+000  2.6200000e+003  7.2574000e-001
  3.8095238e+000  2.6250000e+003  7.1462500e-001
  3.8022814e+000  2.6300000e+003  7.0351000e-001
  3.7950664e+000  2.6350000e+003  6.8364600e-001
  3.7878788e+000  2.6400000e+003  6.5974400e-001
  3.7807183e+000  2.6450000e+003  6.3584200e-001
  3.7735849e+000  2.6500000e+003  6.1194000e-001
  3.7664783e+000  2.6550000e+003  5.8803800e-001
  3.7593985e+000  2.6600000e+003  5.6413600e-001
  3.7523452e+000  2.6650000e+003  5.4023400e-001
  3.7453184e+000  2.6700000e+003  5.1633200e-001
  3.7383178e+000  2.6750000e+003  4.9243000e-001
  3.7313433e+000  2.6800000e+003  4.6852800e-001
  3.7243948e+000  2.6850000e+003  4.4462600e-001
  3.7174721e+000  2.6900000e+003  4.2072400e-001
  3.7105751e+000  2.6950000e+003  3.9682200e-001
  3.7037037e+000  2.7000000e+003  3.7292000e-001
  3.6968577e+000  2.7050000e+003  3.5326800e-001
  3.6900369e+000  2.7100000e+003  3.3861600e-001
  3.6832413e+000  2.7150000e+003  3.2396400e-001
  3.6764706e+000  2.7200000e+003  3.0931200e-001
  3.6697248e+000  2.7250000e+003  2.9466000e-001
  3.6630037e+000  2.7300000e+003  2.8000800e-001
  3.6563071e+000  2.7350000e+003  2.6535600e-001
  3.6496350e+000  2.7400000e+003  2.5070400e-001
  3.6429872e+000  2.7450000e+003  2.3605200e-001
  3.6363636e+000  2.7500000e+003  2.2140000e-001
  3.6297641e+000  2.7550000e+003  2.0674800e-001
  3.6231884e+000  2.7600000e+003  1.9209600e-001
  3.6166365e+000  2.7650000e+003  1.7744400e-001
  3.6101083e+000  2.7700000e+003  1.6279200e-001
  3.6036036e+000  2.7750000e+003  1.4814000e-001
  3.5971223e+000  2.7800000e+003  1.3608000e-001
  3.5906643e+000  2.7850000e+003  1.2726000e-001
  3.5842294e+000  2.7900000e+003  1.1844000e-001
  3.5778175e+000  2.7950000e+003  1.0962000e-001
  3.5714286e+000  2.8000000e+003  1.0080000e-001
  3.5650624e+000  2.8050000e+003  9.1980000e-002
  3.5587189e+000  2.8100000e+003  8.3160000e-002
  3.5523979e+000  2.8150000e+003  7.4340000e-002
  3.5460993e+000  2.8200000e+003  6.5520000e-002
  3.5398230e+000  2.8250000e+003  5.6700000e-002
  3.5335689e+000  2.8300000e+003  4.7880000e-002
  3.5273369e+000  2.8350000e+003  3.9060000e-002
  3.5211268e+000  2.8400000e+003  3.0240000e-002
  3.5149385e+000  2.8450000e+003  2.1420000e-002
  3.5087719e+000  2.8500000e+003  1.2600000e-002
  3.5026270e+000  2.8550000e+003  3.7800000e-003
  3.4965035e+000  2.8600000e+003  0.0000000e+000
  3.4904014e+000  2.8650000e+003  0.0000000e+000
  3.4843206e+000  2.8700000e+003  0.0000000e+000
  3.4782609e+000  2.8750000e+003  0.0000000e+000
  3.4722222e+000  2.8800000e+003  0.0000000e+000
  3.4662045e+000  2.8850000e+003  0.0000000e+000
  3.4602076e+000  2.8900000e+003  0.0000000e+000
  3.4542314e+000  2.8950000e+003  0.0000000e+000
  3.4482759e+000  2.9000000e+003  0.0000000e+000
  3.4423408e+000  2.9050000e+003  0.0000000e+000
  3.4364261e+000  2.9100000e+003  0.0000000e+000
  3.4305317e+000  2.9150000e+003  0.0000000e+000
  3.4246575e+000  2.9200000e+003  0.0000000e+000
  3.4188034e+000  2.9250000e+003  0.0000000e+000
  3.4129693e+000  2.9300000e+003  0.0000000e+000
  3.4071550e+000  2.9350000e+003  0.0000000e+000
  3.4013605e+000  2.9400000e+003  0.0000000e+000
  3.3955857e+000  2.9450000e+003  0.0000000e+000
  3.3898305e+000  2.9500000e+003  0.0000000e+000
  3.3840948e+000  2.9550000e+003  0.0000000e+000
  3.3783784e+000  2.9600000e+003  0.0000000e+000
  3.3726813e+000  2.9650000e+003  0.0000000e+000
  3.3670034e+000  2.9700000e+003  0.0000000e+000
  3.3613445e+000  2.9750000e+003  0.0000000e+000
  3.3557047e+000  2.9800000e+003  0.0000000e+000
  3.3500838e+000  2.9850000e+003  0.0000000e+000
  3.3444816e+000  2.9900000e+003  0.0000000e+000
  3.3388982e+000  2.9950000e+003  0.0000000e+000
  3.3333333e+000  3.0000000e+003  0.0000000e+000
  3.3277870e+000  3.0050000e+003  0.0000000e+000
  3.3222591e+000  3.0100000e+003  0.0000000e+000
  3.3167496e+000  3.0150000e+003  0.0000000e+000
  3.3112583e+000  3.0200000e+003  0.0000000e+000
  3.3057851e+000  3.0250000e+003  0.0000000e+000
  3.3003300e+000  3.0300000e+003  0.0000000e+000
  3.2948929e+000  3.0350000e+003  0.0000000e+000
  3.2894737e+000  3.0400000e+003  0.0000000e+000
  3.2840722e+000  3.0450000e+003  0.0000000e+000
  3.2786885e+000  3.0500000e+003  0.0000000e+000
  3.2733224e+000  3.0550000e+003  0.0000000e+000
  3.2679739e+000  3.0600000e+003  0.0000000e+000
  3.2626427e+000  3.0650000e+003  0.0000000e+000
  3.2573290e+000  3.0700000e+003  0.0000000e+000
  3.2520325e+000  3.0750000e+003  0.0000000e+000
  3.2467532e+000  3.0800000e+003  0.0000000e+000
  3.2414911e+000  3.0850000e+003  0.0000000e+000
  3.2362460e+000  3.0900000e+003  0.0000000e+000
  3.2310178e+000  3.0950000e+003  0.0000000e+000
  3.2258065e+000  3.1000000e+003  0.0000000e+000
  3.2206119e+000  3.1050000e+003  0.0000000e+000
  3.2154341e+000  3.1100000e+003  0.0000000e+000
  3.2102729e+000  3.1150000e+003  0.0000000e+000
  3.2051282e+000  3.1200000e+003  0.0000000e+000
  3.2000000e+000  3.1250000e+003  0.0000000e+000
  3.1948882e+000  3.1300000e+003  0.0000000e+000
  3.1897927e+000  3.1350000e+003  0.0000000e+000
  3.1847134e+000  3.1400000e+003  0.0000000e+000
  3.1796502e+000  3.1450000e+003  0.0000000e+000
  3.1746032e+000  3.1500000e+003  0.0000000e+000
  3.1695721e+000  3.1550000e+003  0.0000000e+000
  3.1645570e+000  3.1600000e+003  0.0000000e+000
  3.1595577e+000  3.1650000e+003  0.0000000e+000
  3.1545741e+000  3.1700000e+003  0.0000000e+000
  3.1496063e+000  3.1750000e+003  0.0000000e+000
  3.1446541e+000  3.1800000e+003  0.0000000e+000
  3.1397174e+000  3.1850000e+003  0.0000000e+000
  3.1347962e+000  3.1900000e+003  0.0000000e+000
  3.1298905e+000  3.1950000e+003  0.0000000e+000
  3.1250000e+000  3.2000000e+003  0.0000000e+000
  3.1201248e+000  3.2050000e+003  0.0000000e+000
  3.1152648e+000  3.2100000e+003  0.0000000e+000
  3.1104199e+000  3.2150000e+003  0.0000000e+000
  3.1055901e+000  3.2200000e+003  0.0000000e+000
  3.1007752e+000  3.2250000e+003  0.0000000e+000
  3.0959752e+000  3.2300000e+003  0.0000000e+000
  3.0911901e+000  3.2350000e+003  0.0000000e+000
  3.0864198e+000  3.2400000e+003  0.0000000e+000
  3.0816641e+000  3.2450000e+003  0.0000000e+000
  3.0769231e+000  3.2500000e+003  0.0000000e+000
  3.0721966e+000  3.2550000e+003  0.0000000e+000
  3.0674847e+000  3.2600000e+003  0.0000000e+000
  3.0627871e+000  3.2650000e+003  0.0000000e+000
  3.0581040e+000  3.2700000e+003  0.0000000e+000
  3.0534351e+000  3.2750000e+003  0.0000000e+000
  3.0487805e+000  3.2800000e+003  0.0000000e+000
  3.0441400e+000  3.2850000e+003  0.0000000e+000
  3.0395137e+000  3.2900000e+003  0.0000000e+000
  3.0349014e+000  3.2950000e+003  0.0000000e+000
  3.0303030e+000  3.3000000e+003  0.0000000e+000
  3.0257186e+000  3.3050000e+003  0.0000000e+000
  3.0211480e+000  3.3100000e+003  0.0000000e+000
  3.0165913e+000  3.3150000e+003  0.0000000e+000
  3.0120482e+000  3.3200000e+003  0.0000000e+000
  3.0075188e+000  3.3250000e+003  0.0000000e+000
  3.0030030e+000  3.3300000e+003  0.0000000e+000
  2.9985007e+000  3.3350000e+003  0.0000000e+000
