M F 5    1    1    0    5    5    5    5    5    5    1    0    0   0.0000.00000
    3    2    1    3    0    0  31.00000  20.00000   8.00000   0.00000   0.00000
 -99.000 -99.000 -99.000
 -99.00000 -99.00000 -99.00000  0.416128  0.000804 ! H2O & O3 COLUMNS [GM/CM2]
   36SUB-ARCTIC   WINTER 
   0.00000  10.00000  30.00000   5.00000   0.00000  6356.91000  0        0.00000   0.00000
  -99  -99  -99  -99
 -99.00000 -99.00000 -99.00000 -99.00000 -99.00000 -99.00000 -99.00000 -99.00000
    2000.0    3333.0      10.0      20.0NW              
    0   0    0.000  0    0.000  0    1.000
    FREQ  TOT_TRANS  PTH_THRML  THRML_SCT  SURF_EMIS   SOL_SCAT  SING_SCAT  GRND_RFLT  DRCT_RFLT  TOTAL_RAD  REF_SOL  SOL@OBS   DEPTH DIR_EM    TOA_SUN BBODY_T[K]
 2000.00 0.42308199 7.6448E-08 0.0000E+00 0.0000E+00                       0.0000E+00            7.6448E-08                     0.860 1.0000               245.246
 2010.00 0.45534953 6.8847E-08 0.0000E+00 0.0000E+00                       0.0000E+00            6.8847E-08                     0.787 1.0000               243.983
 2020.00 0.46009532 6.5783E-08 0.0000E+00 0.0000E+00                       0.0000E+00            6.5783E-08                     0.776 1.0000               243.954
 2030.00 0.51045346 5.7245E-08 0.0000E+00 0.0000E+00                       0.0000E+00            5.7245E-08                     0.672 1.0000               242.036
 2040.00 0.50608152 5.5111E-08 0.0000E+00 0.0000E+00                       0.0000E+00            5.5111E-08                     0.681 1.0000               242.170
 2050.00 0.45770493 5.8104E-08 0.0000E+00 0.0000E+00                       0.0000E+00            5.8104E-08                     0.782 1.0000               244.127
 2060.00 0.41228861 6.0420E-08 0.0000E+00 0.0000E+00                       0.0000E+00            6.0420E-08                     0.886 1.0000               245.816
 2070.00 0.40253732 5.9147E-08 0.0000E+00 0.0000E+00                       0.0000E+00            5.9147E-08                     0.910 1.0000               246.278
 2080.00 0.44639739 5.2707E-08 0.0000E+00 0.0000E+00                       0.0000E+00            5.2707E-08                     0.807 1.0000               244.841
 2090.00 0.51553297 4.4275E-08 0.0000E+00 0.0000E+00                       0.0000E+00            4.4275E-08                     0.663 1.0000               242.277
 2100.00 0.57542515 3.7138E-08 0.0000E+00 0.0000E+00                       0.0000E+00            3.7138E-08                     0.553 1.0000               239.764
 2110.00 0.59339350 3.4029E-08 0.0000E+00 0.0000E+00                       0.0000E+00            3.4029E-08                     0.522 1.0000               238.977
 2120.00 0.59201705 3.2764E-08 0.0000E+00 0.0000E+00                       0.0000E+00            3.2764E-08                     0.524 1.0000               239.130
 2130.00 0.59883219 3.0921E-08 0.0000E+00 0.0000E+00                       0.0000E+00            3.0921E-08                     0.513 1.0000               238.909
 2140.00 0.60860050 2.8927E-08 0.0000E+00 0.0000E+00                       0.0000E+00            2.8927E-08                     0.497 1.0000               238.529
 2150.00 0.60351533 2.8040E-08 0.0000E+00 0.0000E+00                       0.0000E+00            2.8040E-08                     0.505 1.0000               238.809
 2160.00 0.56832790 2.9212E-08 0.0000E+00 0.0000E+00                       0.0000E+00            2.9212E-08                     0.565 1.0000               240.421
 2170.00 0.50042105 3.2370E-08 0.0000E+00 0.0000E+00                       0.0000E+00            3.2370E-08                     0.692 1.0000               243.206
 2180.00 0.38837776 3.7930E-08 0.0000E+00 0.0000E+00                       0.0000E+00            3.7930E-08                     0.946 1.0000               247.113
 2190.00 0.24698918 4.4820E-08 0.0000E+00 0.0000E+00                       0.0000E+00            4.4820E-08                     1.398 1.0000               251.279
 2200.00 0.13207449 4.9642E-08 0.0000E+00 0.0000E+00                       0.0000E+00            4.9642E-08                     2.024 1.0000               254.221
 2210.00 0.08054665 5.0526E-08 0.0000E+00 0.0000E+00                       0.0000E+00            5.0526E-08                     2.519 1.0000               255.459
 2220.00 0.06825956 4.9093E-08 0.0000E+00 0.0000E+00                       0.0000E+00            4.9093E-08                     2.684 1.0000               255.746
 2230.00 0.04411901 4.8225E-08 0.0000E+00 0.0000E+00                       0.0000E+00            4.8225E-08                     3.121 1.0000               256.255
 2240.00 0.01372260 4.7710E-08 0.0000E+00 0.0000E+00                       0.0000E+00            4.7710E-08                     4.289 1.0000               256.909
 2250.00 0.00185880 4.6300E-08 0.0000E+00 0.0000E+00                       0.0000E+00            4.6300E-08                     6.288 1.0000               257.167
 2260.00 0.00034162 4.4437E-08 0.0000E+00 0.0000E+00                       0.0000E+00            4.4437E-08                     7.982 1.0000               257.199
 2270.00 0.00001376 4.2594E-08 0.0000E+00 0.0000E+00                       0.0000E+00            4.2594E-08                    11.194 1.0000               257.206
 2280.00 0.00000193 4.0812E-08 0.0000E+00 0.0000E+00                       0.0000E+00            4.0812E-08                    13.156 1.0000               257.206
 2290.00 0.00000149 3.9102E-08 0.0000E+00 0.0000E+00                       0.0000E+00            3.9102E-08                    13.415 1.0000               257.206
 2300.00 0.00000036 3.7461E-08 0.0000E+00 0.0000E+00                       0.0000E+00            3.7461E-08                    14.845 1.0000               257.206
 2310.00 0.00000000 3.5887E-08 0.0000E+00 0.0000E+00                       0.0000E+00            3.5887E-08                    38.243 1.0000               257.206
 2320.00 0.00000000 3.4378E-08 0.0000E+00 0.0000E+00                       0.0000E+00            3.4378E-08                    66.010 1.0000               257.206
 2330.00 0.00000000 3.2930E-08 0.0000E+00 0.0000E+00                       0.0000E+00            3.2930E-08                    99.990 1.0000               257.206
 2340.00 0.00000000 3.1541E-08 0.0000E+00 0.0000E+00                       0.0000E+00            3.1541E-08                    99.990 1.0000               257.206
 2350.00 0.00000000 3.0209E-08 0.0000E+00 0.0000E+00                       0.0000E+00            3.0209E-08                    99.990 1.0000               257.206
 2360.00 0.00000000 2.8932E-08 0.0000E+00 0.0000E+00                       0.0000E+00            2.8932E-08                    99.990 1.0000               257.206
 2370.00 0.00005975 2.7705E-08 0.0000E+00 0.0000E+00                       0.0000E+00            2.7705E-08                     9.725 1.0000               257.205
 2380.00 0.01797170 2.6084E-08 0.0000E+00 0.0000E+00                       0.0000E+00            2.6084E-08                     4.019 1.0000               256.877
 2390.00 0.09651583 2.3043E-08 0.0000E+00 0.0000E+00                       0.0000E+00            2.3043E-08                     2.338 1.0000               255.340
 2400.00 0.22231114 1.9010E-08 0.0000E+00 0.0000E+00                       0.0000E+00            1.9010E-08                     1.504 1.0000               252.565
 2410.00 0.32341874 1.5809E-08 0.0000E+00 0.0000E+00                       0.0000E+00            1.5809E-08                     1.129 1.0000               250.018
 2420.00 0.38222662 1.3807E-08 0.0000E+00 0.0000E+00                       0.0000E+00            1.3807E-08                     0.962 1.0000               248.407
 2430.00 0.42018598 1.2398E-08 0.0000E+00 0.0000E+00                       0.0000E+00            1.2398E-08                     0.867 1.0000               247.317
 2440.00 0.44828680 1.1292E-08 0.0000E+00 0.0000E+00                       0.0000E+00            1.1292E-08                     0.802 1.0000               246.490
 2450.00 0.47795311 1.0233E-08 0.0000E+00 0.0000E+00                       0.0000E+00            1.0233E-08                     0.738 1.0000               245.590
 2460.00 0.51037097 9.1872E-09 0.0000E+00 0.0000E+00                       0.0000E+00            9.1872E-09                     0.673 1.0000               244.548
 2470.00 0.53933477 8.2722E-09 0.0000E+00 0.0000E+00                       0.0000E+00            8.2722E-09                     0.617 1.0000               243.572
 2480.00 0.56851619 7.4192E-09 0.0000E+00 0.0000E+00                       0.0000E+00            7.4192E-09                     0.565 1.0000               242.547
 2490.00 0.59976768 6.5871E-09 0.0000E+00 0.0000E+00                       0.0000E+00            6.5871E-09                     0.511 1.0000               241.375
 2500.00 0.62696540 5.8736E-09 0.0000E+00 0.0000E+00                       0.0000E+00            5.8736E-09                     0.467 1.0000               240.294
 2510.00 0.64727360 5.3125E-09 0.0000E+00 0.0000E+00                       0.0000E+00            5.3125E-09                     0.435 1.0000               239.457
 2520.00 0.65908468 4.9095E-09 0.0000E+00 0.0000E+00                       0.0000E+00            4.9095E-09                     0.417 1.0000               238.972
 2530.00 0.65798306 4.7068E-09 0.0000E+00 0.0000E+00                       0.0000E+00            4.7068E-09                     0.419 1.0000               239.069
 2540.00 0.64468747 4.6756E-09 0.0000E+00 0.0000E+00                       0.0000E+00            4.6756E-09                     0.439 1.0000               239.722
 2550.00 0.63814050 4.5639E-09 0.0000E+00 0.0000E+00                       0.0000E+00            4.5639E-09                     0.449 1.0000               240.100
 2560.00 0.64162636 4.3244E-09 0.0000E+00 0.0000E+00                       0.0000E+00            4.3244E-09                     0.444 1.0000               240.010
 2570.00 0.63393277 4.2195E-09 0.0000E+00 0.0000E+00                       0.0000E+00            4.2195E-09                     0.456 1.0000               240.380
 2580.00 0.63511395 4.0350E-09 0.0000E+00 0.0000E+00                       0.0000E+00            4.0350E-09                     0.454 1.0000               240.434
 2590.00 0.66456765 3.5548E-09 0.0000E+00 0.0000E+00                       0.0000E+00            3.5548E-09                     0.409 1.0000               239.223
 2600.00 0.69201410 3.1169E-09 0.0000E+00 0.0000E+00                       0.0000E+00            3.1169E-09                     0.368 1.0000               237.962
 2610.00 0.70014143 2.8986E-09 0.0000E+00 0.0000E+00                       0.0000E+00            2.8986E-09                     0.356 1.0000               237.605
 2620.00 0.69911695 2.7805E-09 0.0000E+00 0.0000E+00                       0.0000E+00            2.7805E-09                     0.358 1.0000               237.718
 2630.00 0.69540936 2.6920E-09 0.0000E+00 0.0000E+00                       0.0000E+00            2.6920E-09                     0.363 1.0000               237.968
 2640.00 0.69033617 2.6180E-09 0.0000E+00 0.0000E+00                       0.0000E+00            2.6180E-09                     0.371 1.0000               238.285
 2650.00 0.68728787 2.5288E-09 0.0000E+00 0.0000E+00                       0.0000E+00            2.5288E-09                     0.375 1.0000               238.499
 2660.00 0.68738538 2.4180E-09 0.0000E+00 0.0000E+00                       0.0000E+00            2.4180E-09                     0.375 1.0000               238.562
 2670.00 0.68895233 2.3014E-09 0.0000E+00 0.0000E+00                       0.0000E+00            2.3014E-09                     0.373 1.0000               238.556
 2680.00 0.69053787 2.1896E-09 0.0000E+00 0.0000E+00                       0.0000E+00            2.1896E-09                     0.370 1.0000               238.546
 2690.00 0.69578910 2.0590E-09 0.0000E+00 0.0000E+00                       0.0000E+00            2.0590E-09                     0.363 1.0000               238.364
 2700.00 0.69879746 1.9475E-09 0.0000E+00 0.0000E+00                       0.0000E+00            1.9475E-09                     0.358 1.0000               238.270
 2710.00 0.67540920 2.0001E-09 0.0000E+00 0.0000E+00                       0.0000E+00            2.0001E-09                     0.392 1.0000               239.381
 2720.00 0.65082812 2.0629E-09 0.0000E+00 0.0000E+00                       0.0000E+00            2.0629E-09                     0.430 1.0000               240.558
 2730.00 0.66670799 1.8899E-09 0.0000E+00 0.0000E+00                       0.0000E+00            1.8899E-09                     0.405 1.0000               239.988
 2740.00 0.68767732 1.6889E-09 0.0000E+00 0.0000E+00                       0.0000E+00            1.6889E-09                     0.374 1.0000               239.064
 2750.00 0.68787456 1.6114E-09 0.0000E+00 0.0000E+00                       0.0000E+00            1.6114E-09                     0.374 1.0000               239.097
 2760.00 0.67881989 1.5844E-09 0.0000E+00 0.0000E+00                       0.0000E+00            1.5844E-09                     0.387 1.0000               239.564
 2770.00 0.66612369 1.5747E-09 0.0000E+00 0.0000E+00                       0.0000E+00            1.5747E-09                     0.406 1.0000               240.185
 2780.00 0.65534079 1.5539E-09 0.0000E+00 0.0000E+00                       0.0000E+00            1.5539E-09                     0.423 1.0000               240.703
 2790.00 0.64496636 1.5302E-09 0.0000E+00 0.0000E+00                       0.0000E+00            1.5302E-09                     0.439 1.0000               241.189
 2800.00 0.64330894 1.4712E-09 0.0000E+00 0.0000E+00                       0.0000E+00            1.4712E-09                     0.441 1.0000               241.329
 2810.00 0.64593691 1.3946E-09 0.0000E+00 0.0000E+00                       0.0000E+00            1.3946E-09                     0.437 1.0000               241.263
 2820.00 0.64159000 1.3491E-09 0.0000E+00 0.0000E+00                       0.0000E+00            1.3491E-09                     0.444 1.0000               241.490
 2830.00 0.65020144 1.2615E-09 0.0000E+00 0.0000E+00                       0.0000E+00            1.2615E-09                     0.430 1.0000               241.230
 2840.00 0.67103904 1.1333E-09 0.0000E+00 0.0000E+00                       0.0000E+00            1.1333E-09                     0.399 1.0000               240.405
 2850.00 0.67683727 1.0615E-09 0.0000E+00 0.0000E+00                       0.0000E+00            1.0615E-09                     0.390 1.0000               240.178
 2860.00 0.66732955 1.0435E-09 0.0000E+00 0.0000E+00                       0.0000E+00            1.0435E-09                     0.404 1.0000               240.632
 2870.00 0.65363777 1.0381E-09 0.0000E+00 0.0000E+00                       0.0000E+00            1.0381E-09                     0.425 1.0000               241.252
 2880.00 0.63786793 1.0369E-09 0.0000E+00 0.0000E+00                       0.0000E+00            1.0369E-09                     0.450 1.0000               241.928
 2890.00 0.61792356 1.0448E-09 0.0000E+00 0.0000E+00                       0.0000E+00            1.0448E-09                     0.481 1.0000               242.729
 2900.00 0.59687006 1.0538E-09 0.0000E+00 0.0000E+00                       0.0000E+00            1.0538E-09                     0.516 1.0000               243.543
 2910.00 0.57879364 1.0523E-09 0.0000E+00 0.0000E+00                       0.0000E+00            1.0523E-09                     0.547 1.0000               244.216
 2920.00 0.54585791 1.0819E-09 0.0000E+00 0.0000E+00                       0.0000E+00            1.0819E-09                     0.605 1.0000               245.304
 2930.00 0.50693280 1.1234E-09 0.0000E+00 0.0000E+00                       0.0000E+00            1.1234E-09                     0.679 1.0000               246.539
 2940.00 0.49741033 1.0968E-09 0.0000E+00 0.0000E+00                       0.0000E+00            1.0968E-09                     0.698 1.0000               246.887
 2950.00 0.48820084 1.0648E-09 0.0000E+00 0.0000E+00                       0.0000E+00            1.0648E-09                     0.717 1.0000               247.153
 2960.00 0.44998297 1.0918E-09 0.0000E+00 0.0000E+00                       0.0000E+00            1.0918E-09                     0.799 1.0000               248.206
 2970.00 0.40710768 1.1250E-09 0.0000E+00 0.0000E+00                       0.0000E+00            1.1250E-09                     0.899 1.0000               249.332
 2980.00 0.37814197 1.1282E-09 0.0000E+00 0.0000E+00                       0.0000E+00            1.1282E-09                     0.972 1.0000               250.067
 2990.00 0.38070783 1.0748E-09 0.0000E+00 0.0000E+00                       0.0000E+00            1.0748E-09                     0.966 1.0000               250.051
 3000.00 0.33877468 1.0897E-09 0.0000E+00 0.0000E+00                       0.0000E+00            1.0897E-09                     1.082 1.0000               250.943
 3010.00 0.22441328 1.2214E-09 0.0000E+00 0.0000E+00                       0.0000E+00            1.2214E-09                     1.494 1.0000               253.312
 3020.00 0.17611727 1.2460E-09 0.0000E+00 0.0000E+00                       0.0000E+00            1.2460E-09                     1.737 1.0000               254.303
 3030.00 0.24956071 1.0880E-09 0.0000E+00 0.0000E+00                       0.0000E+00            1.0880E-09                     1.388 1.0000               252.990
 3040.00 0.35277367 8.9538E-10 0.0000E+00 0.0000E+00                       0.0000E+00            8.9538E-10                     1.042 1.0000               250.845
 3050.00 0.33716926 8.6827E-10 0.0000E+00 0.0000E+00                       0.0000E+00            8.6827E-10                     1.087 1.0000               251.085
 3060.00 0.26846361 9.1785E-10 0.0000E+00 0.0000E+00                       0.0000E+00            9.1785E-10                     1.315 1.0000               252.569
 3070.00 0.25355384 8.9592E-10 0.0000E+00 0.0000E+00                       0.0000E+00            8.9592E-10                     1.372 1.0000               252.902
 3080.00 0.24361637 8.6604E-10 0.0000E+00 0.0000E+00                       0.0000E+00            8.6604E-10                     1.412 1.0000               253.093
 3090.00 0.21610275 8.5603E-10 0.0000E+00 0.0000E+00                       0.0000E+00            8.5603E-10                     1.532 1.0000               253.605
 3100.00 0.15025333 8.8506E-10 0.0000E+00 0.0000E+00                       0.0000E+00            8.8506E-10                     1.895 1.0000               254.770
 3110.00 0.09917724 8.9796E-10 0.0000E+00 0.0000E+00                       0.0000E+00            8.9796E-10                     2.311 1.0000               255.662
 3120.00 0.12176627 8.3799E-10 0.0000E+00 0.0000E+00                       0.0000E+00            8.3799E-10                     2.106 1.0000               255.335
 3130.00 0.23554645 6.9972E-10 0.0000E+00 0.0000E+00                       0.0000E+00            6.9972E-10                     1.446 1.0000               253.416
 3140.00 0.39304233 5.3079E-10 0.0000E+00 0.0000E+00                       0.0000E+00            5.3079E-10                     0.934 1.0000               250.200
 3150.00 0.49981749 4.1615E-10 0.0000E+00 0.0000E+00                       0.0000E+00            4.1615E-10                     0.694 1.0000               247.530
 3160.00 0.50939500 3.8684E-10 0.0000E+00 0.0000E+00                       0.0000E+00            3.8684E-10                     0.675 1.0000               247.202
 3170.00 0.41879269 4.3604E-10 0.0000E+00 0.0000E+00                       0.0000E+00            4.3604E-10                     0.870 1.0000               249.480
 3180.00 0.35396928 4.6536E-10 0.0000E+00 0.0000E+00                       0.0000E+00            4.6536E-10                     1.039 1.0000               251.030
 3190.00 0.35717678 4.4248E-10 0.0000E+00 0.0000E+00                       0.0000E+00            4.4248E-10                     1.030 1.0000               250.996
 3200.00 0.32050827 4.4505E-10 0.0000E+00 0.0000E+00                       0.0000E+00            4.4505E-10                     1.138 1.0000               251.733
 3210.00 0.24711706 4.7050E-10 0.0000E+00 0.0000E+00                       0.0000E+00            4.7050E-10                     1.398 1.0000               253.160
 3220.00 0.19570188 4.8053E-10 0.0000E+00 0.0000E+00                       0.0000E+00            4.8053E-10                     1.631 1.0000               254.113
 3230.00 0.18489270 4.6561E-10 0.0000E+00 0.0000E+00                       0.0000E+00            4.6561E-10                     1.688 1.0000               254.332
 3240.00 0.21774404 4.2693E-10 0.0000E+00 0.0000E+00                       0.0000E+00            4.2693E-10                     1.524 1.0000               253.786
 3250.00 0.25487426 3.8794E-10 0.0000E+00 0.0000E+00                       0.0000E+00            3.8794E-10                     1.367 1.0000               253.122
 3260.00 0.24855494 3.7261E-10 0.0000E+00 0.0000E+00                       0.0000E+00            3.7261E-10                     1.392 1.0000               253.222
 3270.00 0.21766599 3.7018E-10 0.0000E+00 0.0000E+00                       0.0000E+00            3.7018E-10                     1.525 1.0000               253.783
 3280.00 0.19955650 3.6185E-10 0.0000E+00 0.0000E+00                       0.0000E+00            3.6185E-10                     1.612 1.0000               254.122
 3290.00 0.22867134 3.3358E-10 0.0000E+00 0.0000E+00                       0.0000E+00            3.3358E-10                     1.475 1.0000               253.661
 3300.00 0.27308989 2.9962E-10 0.0000E+00 0.0000E+00                       0.0000E+00            2.9962E-10                     1.298 1.0000               252.853
 3310.00 0.29079065 2.7867E-10 0.0000E+00 0.0000E+00                       0.0000E+00            2.7867E-10                     1.235 1.0000               252.523
 3320.00 0.31629255 2.5653E-10 0.0000E+00 0.0000E+00                       0.0000E+00            2.5653E-10                     1.151 1.0000               252.058
 3330.00 0.34357554 2.3510E-10 0.0000E+00 0.0000E+00                       0.0000E+00            2.3510E-10                     1.068 1.0000               251.540
 -9999.
